0 0
0 0
0 0
0 0
0 0
0 0
0 0
0 0
0 0
0 0
0 0
0 0
1 1
1 1
1 1
1 1
1 1
1 1
1 1
1 1
1 1
1 1
1 1
1 1
2 2
2 2
2 2
2 2
2 2
2 2
2 2
2 2
2 2
2 2
2 2
2 2
3 3
3 3
3 3
3 3
3 3
3 3
3 3
3 3
3 3
3 3
3 3
3 3
4 4
4 4
4 4
4 4
4 4
4 4
4 4
4 4
4 4
4 4
4 4
4 4
5 5
5 5
5 5
5 5
5 5
5 5
5 5
5 5
5 5
5 5
5 5
5 5
6 6
6 6
6 6
6 6
6 6
6 6
6 6
6 6
6 6
6 6
6 6
6 6
7 7
7 7
7 7
7 7
7 7
7 7
7 7
7 7
7 7
7 7
7 7
7 7
8 8
8 8
8 8
8 8
8 8
8 8
8 8
8 8
8 8
8 8
8 8
8 8
9 9
9 9
9 9
9 9
9 9
9 9
9 9
9 9
9 9
9 9
9 9
9 9
10 0
10 0
10 0
10 0
10 0
10 0
10 0
10 0
10 0
10 0
10 0
10 0
11 1
11 1
11 1
11 1
11 1
11 1
11 1
11 1
11 1
11 1
11 1
11 1
12 2
12 2
12 2
12 2
12 2
12 2
12 2
12 2
12 2
12 2
12 2
12 2
13 3
13 3
13 3
13 3
13 3
13 3
13 3
13 3
13 3
13 3
13 3
13 3
14 4
14 4
14 4
14 4
14 4
14 4
14 4
14 4
14 4
14 4
14 4
14 4
15 5
15 5
15 5
15 5
15 5
15 5
15 5
15 5
15 5
15 5
15 5
15 5
16 6
16 6
16 6
16 6
16 6
16 6
16 6
16 6
16 6
16 6
16 6
16 6
17 7
17 7
17 7
17 7
17 7
17 7
17 7
17 7
17 7
17 7
17 7
17 7
18 8
18 8
18 8
18 8
18 8
18 8
18 8
18 8
18 8
18 8
18 8
18 8
19 9
19 9
19 9
19 9
19 9
19 9
19 9
19 9
19 9
19 9
19 9
19 9
20 0
20 0
20 0
20 0
20 0
20 0
20 0
20 0
20 0
20 0
20 0
20 0
21 1
21 1
21 1
21 1
21 1
21 1
21 1
21 1
21 1
21 1
21 1
21 1
22 2
22 2
22 2
22 2
22 2
22 2
22 2
22 2
22 2
22 2
22 2
22 2
23 3
23 3
23 3
23 3
23 3
23 3
23 3
23 3
23 3
23 3
23 3
23 3
24 4
24 4
24 4
24 4
24 4
24 4
24 4
24 4
24 4
24 4
24 4
24 4
25 5
25 5
25 5
25 5
25 5
25 5
25 5
25 5
25 5
25 5
25 5
25 5
26 6
26 6
26 6
26 6
26 6
26 6
26 6
26 6
26 6
26 6
26 6
26 6
27 7
27 7
27 7
27 7
27 7
27 7
27 7
27 7
27 7
27 7
27 7
27 7
28 8
28 8
28 8
28 8
28 8
28 8
28 8
28 8
28 8
28 8
28 8
28 8
29 9
29 9
29 9
29 9
29 9
29 9
29 9
29 9
29 9
29 9
29 9
29 9
30 0
30 0
30 0
30 0
30 0
30 0
30 0
30 0
30 0
30 0
30 0
30 0
31 1
31 1
31 1
31 1
31 1
31 1
31 1
31 1
31 1
31 1
31 1
31 1
32 2
32 2
32 2
32 2
32 2
32 2
32 2
32 2
32 2
32 2
32 2
32 2
33 3
33 3
33 3
33 3
33 3
33 3
33 3
33 3
33 3
33 3
33 3
33 3
34 4
34 4
34 4
34 4
34 4
34 4
34 4
34 4
34 4
34 4
34 4
34 4
35 5
35 5
35 5
35 5
35 5
35 5
35 5
35 5
35 5
35 5
35 5
35 5
36 6
36 6
36 6
36 6
36 6
36 6
36 6
36 6
36 6
36 6
36 6
36 6
37 7
37 7
37 7
37 7
37 7
37 7
37 7
37 7
37 7
37 7
37 7
37 7
38 8
38 8
38 8
38 8
38 8
38 8
38 8
38 8
38 8
38 8
38 8
38 8
39 9
39 9
39 9
39 9
39 9
39 9
39 9
39 9
39 9
39 9
39 9
39 9
40 0
40 0
40 0
40 0
40 0
40 0
40 0
40 0
40 0
40 0
40 0
40 0
41 1
41 1
41 1
41 1
41 1
41 1
41 1
41 1
41 1
41 1
41 1
41 1
42 2
42 2
42 2
42 2
42 2
42 2
42 2
42 2
42 2
42 2
42 2
42 2
43 3
43 3
43 3
43 3
43 3
43 3
43 3
43 3
43 3
43 3
43 3
43 3
44 4
44 4
44 4
44 4
44 4
44 4
44 4
44 4
44 4
44 4
44 4
44 4
45 5
45 5
45 5
45 5
45 5
45 5
45 5
45 5
45 5
45 5
45 5
45 5
46 6
46 6
46 6
46 6
46 6
46 6
46 6
46 6
46 6
46 6
46 6
46 6
47 7
47 7
47 7
47 7
47 7
47 7
47 7
47 7
47 7
47 7
47 7
47 7
48 8
48 8
48 8
48 8
48 8
48 8
48 8
48 8
48 8
48 8
48 8
48 8
49 9
49 9
49 9
49 9
49 9
49 9
49 9
49 9
49 9
49 9
49 9
49 9
50 0
50 0
50 0
50 0
50 0
50 0
50 0
50 0
50 0
50 0
50 0
50 0
51 1
51 1
51 1
51 1
51 1
51 1
51 1
51 1
51 1
51 1
51 1
51 1
52 2
52 2
52 2
52 2
52 2
52 2
52 2
52 2
52 2
52 2
52 2
52 2
53 3
53 3
53 3
53 3
53 3
53 3
53 3
53 3
53 3
53 3
53 3
53 3
54 4
54 4
54 4
54 4
54 4
54 4
54 4
54 4
54 4
54 4
54 4
54 4
55 5
55 5
55 5
55 5
55 5
55 5
55 5
55 5
55 5
55 5
55 5
55 5
56 6
56 6
56 6
56 6
56 6
56 6
56 6
56 6
56 6
56 6
56 6
56 6
57 7
57 7
57 7
57 7
57 7
57 7
57 7
57 7
57 7
57 7
57 7
57 7
58 8
58 8
58 8
58 8
58 8
58 8
58 8
58 8
58 8
58 8
58 8
58 8
59 9
59 9
59 9
59 9
59 9
59 9
59 9
59 9
59 9
59 9
59 9
59 9
60 0
60 0
60 0
60 0
60 0
60 0
60 0
60 0
60 0
60 0
60 0
60 0
61 1
61 1
61 1
61 1
61 1
61 1
61 1
61 1
61 1
61 1
61 1
61 1
62 2
62 2
62 2
62 2
62 2
62 2
62 2
62 2
62 2
62 2
62 2
62 2
63 3
63 3
63 3
63 3
63 3
63 3
63 3
63 3
63 3
63 3
63 3
63 3
64 4
64 4
64 4
64 4
64 4
64 4
64 4
64 4
64 4
64 4
64 4
64 4
65 5
65 5
65 5
65 5
65 5
65 5
65 5
65 5
65 5
65 5
65 5
65 5
66 6
66 6
66 6
66 6
66 6
66 6
66 6
66 6
66 6
66 6
66 6
66 6
67 7
67 7
67 7
67 7
67 7
67 7
67 7
67 7
67 7
67 7
67 7
67 7
68 8
68 8
68 8
68 8
68 8
68 8
68 8
68 8
68 8
68 8
68 8
68 8
69 9
69 9
69 9
69 9
69 9
69 9
69 9
69 9
69 9
69 9
69 9
69 9
70 0
70 0
70 0
70 0
70 0
70 0
70 0
70 0
70 0
70 0
70 0
70 0
71 1
71 1
71 1
71 1
71 1
71 1
71 1
71 1
71 1
71 1
71 1
71 1
72 2
72 2
72 2
72 2
72 2
72 2
72 2
72 2
72 2
72 2
72 2
72 2
73 3
73 3
73 3
73 3
73 3
73 3
73 3
73 3
73 3
73 3
73 3
73 3
74 4
74 4
74 4
74 4
74 4
74 4
74 4
74 4
74 4
74 4
74 4
74 4
75 5
75 5
75 5
75 5
75 5
75 5
75 5
75 5
75 5
75 5
75 5
75 5
76 6
76 6
76 6
76 6
76 6
76 6
76 6
76 6
76 6
76 6
76 6
76 6
77 7
77 7
77 7
77 7
77 7
77 7
77 7
77 7
77 7
77 7
77 7
77 7
78 8
78 8
78 8
78 8
78 8
78 8
78 8
78 8
78 8
78 8
78 8
78 8
79 9
79 9
79 9
79 9
79 9
79 9
79 9
79 9
79 9
79 9
79 9
79 9
80 0
80 0
80 0
80 0
80 0
80 0
80 0
80 0
80 0
80 0
80 0
80 0
81 1
81 1
81 1
81 1
81 1
81 1
81 1
81 1
81 1
81 1
81 1
81 1
82 2
82 2
82 2
82 2
82 2
82 2
82 2
82 2
82 2
82 2
82 2
82 2
83 3
83 3
83 3
83 3
83 3
83 3
83 3
83 3
83 3
83 3
83 3
83 3
84 4
84 4
84 4
84 4
84 4
84 4
84 4
84 4
84 4
84 4
84 4
84 4
85 5
85 5
85 5
85 5
85 5
85 5
85 5
85 5
85 5
85 5
85 5
85 5
86 6
86 6
86 6
86 6
86 6
86 6
86 6
86 6
86 6
86 6
86 6
86 6
87 7
87 7
87 7
87 7
87 7
87 7
87 7
87 7
87 7
87 7
87 7
87 7
88 8
88 8
88 8
88 8
88 8
88 8
88 8
88 8
88 8
88 8
88 8
88 8
89 9
89 9
89 9
89 9
89 9
89 9
89 9
89 9
89 9
89 9
89 9
89 9
90 0
90 0
90 0
90 0
90 0
90 0
90 0
90 0
90 0
90 0
90 0
90 0
91 1
91 1
91 1
91 1
91 1
91 1
91 1
91 1
91 1
91 1
91 1
91 1
92 2
92 2
92 2
92 2
92 2
92 2
92 2
92 2
92 2
92 2
92 2
92 2
93 3
93 3
93 3
93 3
93 3
93 3
93 3
93 3
93 3
93 3
93 3
93 3
94 4
94 4
94 4
94 4
94 4
94 4
94 4
94 4
94 4
94 4
94 4
94 4
95 5
95 5
95 5
95 5
95 5
95 5
95 5
95 5
95 5
95 5
95 5
95 5
96 6
96 6
96 6
96 6
96 6
96 6
96 6
96 6
96 6
96 6
96 6
96 6
97 7
97 7
97 7
97 7
97 7
97 7
97 7
97 7
97 7
97 7
97 7
97 7
98 8
98 8
98 8
98 8
98 8
98 8
98 8
98 8
98 8
98 8
98 8
98 8
99 9
99 9
99 9
99 9
99 9
99 9
99 9
99 9
99 9
99 9
99 9
99 9
100 0
100 0
100 0
100 0
100 0
100 0
100 0
100 0
100 0
100 0
100 0
100 0
101 1
101 1
101 1
101 1
101 1
101 1
101 1
101 1
101 1
101 1
101 1
101 1
102 2
102 2
102 2
102 2
102 2
102 2
102 2
102 2
102 2
102 2
102 2
102 2
103 3
103 3
103 3
103 3
103 3
103 3
103 3
103 3
103 3
103 3
103 3
103 3
104 4
104 4
104 4
104 4
104 4
104 4
104 4
104 4
104 4
104 4
104 4
104 4
105 5
105 5
105 5
105 5
105 5
105 5
105 5
105 5
105 5
105 5
105 5
105 5
106 6
106 6
106 6
106 6
106 6
106 6
106 6
106 6
106 6
106 6
106 6
106 6
107 7
107 7
107 7
107 7
107 7
107 7
107 7
107 7
107 7
107 7
107 7
107 7
108 8
108 8
108 8
108 8
108 8
108 8
108 8
108 8
108 8
108 8
108 8
108 8
109 9
109 9
109 9
109 9
109 9
109 9
109 9
109 9
109 9
109 9
109 9
109 9
110 0
110 0
110 0
110 0
110 0
110 0
110 0
110 0
110 0
110 0
110 0
110 0
111 1
111 1
111 1
111 1
111 1
111 1
111 1
111 1
111 1
111 1
111 1
111 1
112 2
112 2
112 2
112 2
112 2
112 2
112 2
112 2
112 2
112 2
112 2
112 2
113 3
113 3
113 3
113 3
113 3
113 3
113 3
113 3
113 3
113 3
113 3
113 3
114 4
114 4
114 4
114 4
114 4
114 4
114 4
114 4
114 4
114 4
114 4
114 4
115 5
115 5
115 5
115 5
115 5
115 5
115 5
115 5
115 5
115 5
115 5
115 5
116 6
116 6
116 6
116 6
116 6
116 6
116 6
116 6
116 6
116 6
116 6
116 6
117 7
117 7
117 7
117 7
117 7
117 7
117 7
117 7
117 7
117 7
117 7
117 7
118 8
118 8
118 8
118 8
118 8
118 8
118 8
118 8
118 8
118 8
118 8
118 8
119 9
119 9
119 9
119 9
119 9
119 9
119 9
119 9
119 9
119 9
119 9
119 9
120 0
120 0
120 0
120 0
120 0
120 0
120 0
120 0
120 0
120 0
120 0
120 0
121 1
121 1
121 1
121 1
121 1
121 1
121 1
121 1
121 1
121 1
121 1
121 1
122 2
122 2
122 2
122 2
122 2
122 2
122 2
122 2
122 2
122 2
122 2
122 2
123 3
123 3
123 3
123 3
123 3
123 3
123 3
123 3
123 3
123 3
123 3
123 3
124 4
124 4
124 4
124 4
124 4
124 4
124 4
124 4
124 4
124 4
124 4
124 4
125 5
125 5
125 5
125 5
125 5
125 5
125 5
125 5
125 5
125 5
125 5
125 5
126 6
126 6
126 6
126 6
126 6
126 6
126 6
126 6
126 6
126 6
126 6
126 6
127 7
127 7
127 7
127 7
127 7
127 7
127 7
127 7
127 7
127 7
127 7
127 7
128 8
128 8
128 8
128 8
128 8
128 8
128 8
128 8
128 8
128 8
128 8
128 8
129 9
129 9
129 9
129 9
129 9
129 9
129 9
129 9
129 9
129 9
129 9
129 9
130 0
130 0
130 0
130 0
130 0
130 0
130 0
130 0
130 0
130 0
130 0
130 0
131 1
131 1
131 1
131 1
131 1
131 1
131 1
131 1
131 1
131 1
131 1
131 1
132 2
132 2
132 2
132 2
132 2
132 2
132 2
132 2
132 2
132 2
132 2
132 2
133 3
133 3
133 3
133 3
133 3
133 3
133 3
133 3
133 3
133 3
133 3
133 3
134 4
134 4
134 4
134 4
134 4
134 4
134 4
134 4
134 4
134 4
134 4
134 4
135 5
135 5
135 5
135 5
135 5
135 5
135 5
135 5
135 5
135 5
135 5
135 5
136 6
136 6
136 6
136 6
136 6
136 6
136 6
136 6
136 6
136 6
136 6
136 6
137 7
137 7
137 7
137 7
137 7
137 7
137 7
137 7
137 7
137 7
137 7
137 7
138 8
138 8
138 8
138 8
138 8
138 8
138 8
138 8
138 8
138 8
138 8
138 8
139 9
139 9
139 9
139 9
139 9
139 9
139 9
139 9
139 9
139 9
139 9
139 9
140 0
140 0
140 0
140 0
140 0
140 0
140 0
140 0
140 0
140 0
140 0
140 0
141 1
141 1
141 1
141 1
141 1
141 1
141 1
141 1
141 1
141 1
141 1
141 1
142 2
142 2
142 2
142 2
142 2
142 2
142 2
142 2
142 2
142 2
142 2
142 2
143 3
143 3
143 3
143 3
143 3
143 3
143 3
143 3
143 3
143 3
143 3
143 3
144 4
144 4
144 4
144 4
144 4
144 4
144 4
144 4
144 4
144 4
144 4
144 4
145 5
145 5
145 5
145 5
145 5
145 5
145 5
145 5
145 5
145 5
145 5
145 5
146 6
146 6
146 6
146 6
146 6
146 6
146 6
146 6
146 6
146 6
146 6
146 6
147 7
147 7
147 7
147 7
147 7
147 7
147 7
147 7
147 7
147 7
147 7
147 7
148 8
148 8
148 8
148 8
148 8
148 8
148 8
148 8
148 8
148 8
148 8
148 8
149 9
149 9
149 9
149 9
149 9
149 9
149 9
149 9
149 9
149 9
149 9
149 9
150 0
150 0
150 0
150 0
150 0
150 0
150 0
150 0
150 0
150 0
150 0
150 0
151 1
151 1
151 1
151 1
151 1
151 1
151 1
151 1
151 1
151 1
151 1
151 1
152 2
152 2
152 2
152 2
152 2
152 2
152 2
152 2
152 2
152 2
152 2
152 2
153 3
153 3
153 3
153 3
153 3
153 3
153 3
153 3
153 3
153 3
153 3
153 3
154 4
154 4
154 4
154 4
154 4
154 4
154 4
154 4
154 4
154 4
154 4
154 4
155 5
155 5
155 5
155 5
155 5
155 5
155 5
155 5
155 5
155 5
155 5
155 5
156 6
156 6
156 6
156 6
156 6
156 6
156 6
156 6
156 6
156 6
156 6
156 6
157 7
157 7
157 7
157 7
157 7
157 7
157 7
157 7
157 7
157 7
157 7
157 7
158 8
158 8
158 8
158 8
158 8
158 8
158 8
158 8
158 8
158 8
158 8
158 8
159 9
159 9
159 9
159 9
159 9
159 9
159 9
159 9
159 9
159 9
159 9
159 9
160 0
160 0
160 0
160 0
160 0
160 0
160 0
160 0
160 0
160 0
160 0
160 0
161 1
161 1
161 1
161 1
161 1
161 1
161 1
161 1
161 1
161 1
161 1
161 1
162 2
162 2
162 2
162 2
162 2
162 2
162 2
162 2
162 2
162 2
162 2
162 2
163 3
163 3
163 3
163 3
163 3
163 3
163 3
163 3
163 3
163 3
163 3
163 3
164 4
164 4
164 4
164 4
164 4
164 4
164 4
164 4
164 4
164 4
164 4
164 4
165 5
165 5
165 5
165 5
165 5
165 5
165 5
165 5
165 5
165 5
165 5
165 5
166 6
166 6
166 6
166 6
166 6
166 6
166 6
166 6
166 6
166 6
166 6
166 6
167 7
167 7
167 7
167 7
167 7
167 7
167 7
167 7
167 7
167 7
167 7
167 7
168 8
168 8
168 8
168 8
168 8
168 8
168 8
168 8
168 8
168 8
168 8
168 8
169 9
169 9
169 9
169 9
169 9
169 9
169 9
169 9
169 9
169 9
169 9
169 9
170 0
170 0
170 0
170 0
170 0
170 0
170 0
170 0
170 0
170 0
170 0
170 0
171 1
171 1
171 1
171 1
171 1
171 1
171 1
171 1
171 1
171 1
171 1
171 1
172 2
172 2
172 2
172 2
172 2
172 2
172 2
172 2
172 2
172 2
172 2
172 2
173 3
173 3
173 3
173 3
173 3
173 3
173 3
173 3
173 3
173 3
173 3
173 3
174 4
174 4
174 4
174 4
174 4
174 4
174 4
174 4
174 4
174 4
174 4
174 4
175 5
175 5
175 5
175 5
175 5
175 5
175 5
175 5
175 5
175 5
175 5
175 5
176 6
176 6
176 6
176 6
176 6
176 6
176 6
176 6
176 6
176 6
176 6
176 6
177 7
177 7
177 7
177 7
177 7
177 7
177 7
177 7
177 7
177 7
177 7
177 7
178 8
178 8
178 8
178 8
178 8
178 8
178 8
178 8
178 8
178 8
178 8
178 8
179 9
179 9
179 9
179 9
179 9
179 9
179 9
179 9
179 9
179 9
179 9
179 9
180 0
180 0
180 0
180 0
180 0
180 0
180 0
180 0
180 0
180 0
180 0
180 0
181 1
181 1
181 1
181 1
181 1
181 1
181 1
181 1
181 1
181 1
181 1
181 1
182 2
182 2
182 2
182 2
182 2
182 2
182 2
182 2
182 2
182 2
182 2
182 2
183 3
183 3
183 3
183 3
183 3
183 3
183 3
183 3
183 3
183 3
183 3
183 3
184 4
184 4
184 4
184 4
184 4
184 4
184 4
184 4
184 4
184 4
184 4
184 4
185 5
185 5
185 5
185 5
185 5
185 5
185 5
185 5
185 5
185 5
185 5
185 5
186 6
186 6
186 6
186 6
186 6
186 6
186 6
186 6
186 6
186 6
186 6
186 6
187 7
187 7
187 7
187 7
187 7
187 7
187 7
187 7
187 7
187 7
187 7
187 7
188 8
188 8
188 8
188 8
188 8
188 8
188 8
188 8
188 8
188 8
188 8
188 8
189 9
189 9
189 9
189 9
189 9
189 9
189 9
189 9
189 9
189 9
189 9
189 9
190 0
190 0
190 0
190 0
190 0
190 0
190 0
190 0
190 0
190 0
190 0
190 0
191 1
191 1
191 1
191 1
191 1
191 1
191 1
191 1
191 1
191 1
191 1
191 1
192 2
192 2
192 2
192 2
192 2
192 2
192 2
192 2
192 2
192 2
192 2
192 2
193 3
193 3
193 3
193 3
193 3
193 3
193 3
193 3
193 3
193 3
193 3
193 3
194 4
194 4
194 4
194 4
194 4
194 4
194 4
194 4
194 4
194 4
194 4
194 4
195 5
195 5
195 5
195 5
195 5
195 5
195 5
195 5
195 5
195 5
195 5
195 5
196 6
196 6
196 6
196 6
196 6
196 6
196 6
196 6
196 6
196 6
196 6
196 6
197 7
197 7
197 7
197 7
197 7
197 7
197 7
197 7
197 7
197 7
197 7
197 7
198 8
198 8
198 8
198 8
198 8
198 8
198 8
198 8
198 8
198 8
198 8
198 8
199 9
199 9
199 9
199 9
199 9
199 9
199 9
199 9
199 9
199 9
199 9
199 9
200 0
200 0
200 0
200 0
200 0
200 0
200 0
200 0
200 0
200 0
200 0
200 0
201 1
201 1
201 1
201 1
201 1
201 1
201 1
201 1
201 1
201 1
201 1
201 1
202 2
202 2
202 2
202 2
202 2
202 2
202 2
202 2
202 2
202 2
202 2
202 2
203 3
203 3
203 3
203 3
203 3
203 3
203 3
203 3
203 3
203 3
203 3
203 3
204 4
204 4
204 4
204 4
204 4
204 4
204 4
204 4
204 4
204 4
204 4
204 4
205 5
205 5
205 5
205 5
205 5
205 5
205 5
205 5
205 5
205 5
205 5
205 5
206 6
206 6
206 6
206 6
206 6
206 6
206 6
206 6
206 6
206 6
206 6
206 6
207 7
207 7
207 7
207 7
207 7
207 7
207 7
207 7
207 7
207 7
207 7
207 7
208 8
208 8
208 8
208 8
208 8
208 8
208 8
208 8
208 8
208 8
208 8
208 8
209 9
209 9
209 9
209 9
209 9
209 9
209 9
209 9
209 9
209 9
209 9
209 9
210 0
210 0
210 0
210 0
210 0
210 0
210 0
210 0
210 0
210 0
210 0
210 0
211 1
211 1
211 1
211 1
211 1
211 1
211 1
211 1
211 1
211 1
211 1
211 1
212 2
212 2
212 2
212 2
212 2
212 2
212 2
212 2
212 2
212 2
212 2
212 2
213 3
213 3
213 3
213 3
213 3
213 3
213 3
213 3
213 3
213 3
213 3
213 3
214 4
214 4
214 4
214 4
214 4
214 4
214 4
214 4
214 4
214 4
214 4
214 4
215 5
215 5
215 5
215 5
215 5
215 5
215 5
215 5
215 5
215 5
215 5
215 5
216 6
216 6
216 6
216 6
216 6
216 6
216 6
216 6
216 6
216 6
216 6
216 6
217 7
217 7
217 7
217 7
217 7
217 7
217 7
217 7
217 7
217 7
217 7
217 7
218 8
218 8
218 8
218 8
218 8
218 8
218 8
218 8
218 8
218 8
218 8
218 8
219 9
219 9
219 9
219 9
219 9
219 9
219 9
219 9
219 9
219 9
219 9
219 9
220 0
220 0
220 0
220 0
220 0
220 0
220 0
220 0
220 0
220 0
220 0
220 0
221 1
221 1
221 1
221 1
221 1
221 1
221 1
221 1
221 1
221 1
221 1
221 1
222 2
222 2
222 2
222 2
222 2
222 2
222 2
222 2
222 2
222 2
222 2
222 2
223 3
223 3
223 3
223 3
223 3
223 3
223 3
223 3
223 3
223 3
223 3
223 3
224 4
224 4
224 4
224 4
224 4
224 4
224 4
224 4
224 4
224 4
224 4
224 4
225 5
225 5
225 5
225 5
225 5
225 5
225 5
225 5
225 5
225 5
225 5
225 5
226 6
226 6
226 6
226 6
226 6
226 6
226 6
226 6
226 6
226 6
226 6
226 6
227 7
227 7
227 7
227 7
227 7
227 7
227 7
227 7
227 7
227 7
227 7
227 7
228 8
228 8
228 8
228 8
228 8
228 8
228 8
228 8
228 8
228 8
228 8
228 8
229 9
229 9
229 9
229 9
229 9
229 9
229 9
229 9
229 9
229 9
229 9
229 9
230 0
230 0
230 0
230 0
230 0
230 0
230 0
230 0
230 0
230 0
230 0
230 0
231 1
231 1
231 1
231 1
231 1
231 1
231 1
231 1
231 1
231 1
231 1
231 1
232 2
232 2
232 2
232 2
232 2
232 2
232 2
232 2
232 2
232 2
232 2
232 2
233 3
233 3
233 3
233 3
233 3
233 3
233 3
233 3
233 3
233 3
233 3
233 3
234 4
234 4
234 4
234 4
234 4
234 4
234 4
234 4
234 4
234 4
234 4
234 4
235 5
235 5
235 5
235 5
235 5
235 5
235 5
235 5
235 5
235 5
235 5
235 5
236 6
236 6
236 6
236 6
236 6
236 6
236 6
236 6
236 6
236 6
236 6
236 6
237 7
237 7
237 7
237 7
237 7
237 7
237 7
237 7
237 7
237 7
237 7
237 7
238 8
238 8
238 8
238 8
238 8
238 8
238 8
238 8
238 8
238 8
238 8
238 8
239 9
239 9
239 9
239 9
239 9
239 9
239 9
239 9
239 9
239 9
239 9
239 9
240 0
240 0
240 0
240 0
240 0
240 0
240 0
240 0
240 0
240 0
240 0
240 0
241 1
241 1
241 1
241 1
241 1
241 1
241 1
241 1
241 1
241 1
241 1
241 1
242 2
242 2
242 2
242 2
242 2
242 2
242 2
242 2
242 2
242 2
242 2
242 2
243 3
243 3
243 3
243 3
243 3
243 3
243 3
243 3
243 3
243 3
243 3
243 3
244 4
244 4
244 4
244 4
244 4
244 4
244 4
244 4
244 4
244 4
244 4
244 4
245 5
245 5
245 5
245 5
245 5
245 5
245 5
245 5
245 5
245 5
245 5
245 5
246 6
246 6
246 6
246 6
246 6
246 6
246 6
246 6
246 6
246 6
246 6
246 6
247 7
247 7
247 7
247 7
247 7
247 7
247 7
247 7
247 7
247 7
247 7
247 7
248 8
248 8
248 8
248 8
248 8
248 8
248 8
248 8
248 8
248 8
248 8
248 8
249 9
249 9
249 9
249 9
249 9
249 9
249 9
249 9
249 9
249 9
249 9
249 9
250 0
250 0
250 0
250 0
250 0
250 0
250 0
250 0
250 0
250 0
250 0
250 0
251 1
251 1
251 1
251 1
251 1
251 1
251 1
251 1
251 1
251 1
251 1
251 1
252 2
252 2
252 2
252 2
252 2
252 2
252 2
252 2
252 2
252 2
252 2
252 2
253 3
253 3
253 3
253 3
253 3
253 3
253 3
253 3
253 3
253 3
253 3
253 3
254 4
254 4
254 4
254 4
254 4
254 4
254 4
254 4
254 4
254 4
254 4
254 4
255 5
255 5
255 5
255 5
255 5
255 5
255 5
255 5
255 5
255 5
255 5
255 5
256 6
256 6
256 6
256 6
256 6
256 6
256 6
256 6
256 6
256 6
256 6
256 6
257 7
257 7
257 7
257 7
257 7
257 7
257 7
257 7
257 7
257 7
257 7
257 7
258 8
258 8
258 8
258 8
258 8
258 8
258 8
258 8
258 8
258 8
258 8
258 8
259 9
259 9
259 9
259 9
259 9
259 9
259 9
259 9
259 9
259 9
259 9
259 9
260 0
260 0
260 0
260 0
260 0
260 0
260 0
260 0
260 0
260 0
260 0
260 0
261 1
261 1
261 1
261 1
261 1
261 1
261 1
261 1
261 1
261 1
261 1
261 1
262 2
262 2
262 2
262 2
262 2
262 2
262 2
262 2
262 2
262 2
262 2
262 2
263 3
263 3
263 3
263 3
263 3
263 3
263 3
263 3
263 3
263 3
263 3
263 3
264 4
264 4
264 4
264 4
264 4
264 4
264 4
264 4
264 4
264 4
264 4
264 4
265 5
265 5
265 5
265 5
265 5
265 5
265 5
265 5
265 5
265 5
265 5
265 5
266 6
266 6
266 6
266 6
266 6
266 6
266 6
266 6
266 6
266 6
266 6
266 6
267 7
267 7
267 7
267 7
267 7
267 7
267 7
267 7
267 7
267 7
267 7
267 7
268 8
268 8
268 8
268 8
268 8
268 8
268 8
268 8
268 8
268 8
268 8
268 8
269 9
269 9
269 9
269 9
269 9
269 9
269 9
269 9
269 9
269 9
269 9
269 9
270 0
270 0
270 0
270 0
270 0
270 0
270 0
270 0
270 0
270 0
270 0
270 0
271 1
271 1
271 1
271 1
271 1
271 1
271 1
271 1
271 1
271 1
271 1
271 1
272 2
272 2
272 2
272 2
272 2
272 2
272 2
272 2
272 2
272 2
272 2
272 2
273 3
273 3
273 3
273 3
273 3
273 3
273 3
273 3
273 3
273 3
273 3
273 3
274 4
274 4
274 4
274 4
274 4
274 4
274 4
274 4
274 4
274 4
274 4
274 4
275 5
275 5
275 5
275 5
275 5
275 5
275 5
275 5
275 5
275 5
275 5
275 5
276 6
276 6
276 6
276 6
276 6
276 6
276 6
276 6
276 6
276 6
276 6
276 6
277 7
277 7
277 7
277 7
277 7
277 7
277 7
277 7
277 7
277 7
277 7
277 7
278 8
278 8
278 8
278 8
278 8
278 8
278 8
278 8
278 8
278 8
278 8
278 8
279 9
279 9
279 9
279 9
279 9
279 9
279 9
279 9
279 9
279 9
279 9
279 9
280 0
280 0
280 0
280 0
280 0
280 0
280 0
280 0
280 0
280 0
280 0
280 0
281 1
281 1
281 1
281 1
281 1
281 1
281 1
281 1
281 1
281 1
281 1
281 1
282 2
282 2
282 2
282 2
282 2
282 2
282 2
282 2
282 2
282 2
282 2
282 2
283 3
283 3
283 3
283 3
283 3
283 3
283 3
283 3
283 3
283 3
283 3
283 3
284 4
284 4
284 4
284 4
284 4
284 4
284 4
284 4
284 4
284 4
284 4
284 4
285 5
285 5
285 5
285 5
285 5
285 5
285 5
285 5
285 5
285 5
285 5
285 5
286 6
286 6
286 6
286 6
286 6
286 6
286 6
286 6
286 6
286 6
286 6
286 6
287 7
287 7
287 7
287 7
287 7
287 7
287 7
287 7
287 7
287 7
287 7
287 7
288 8
288 8
288 8
288 8
288 8
288 8
288 8
288 8
288 8
288 8
288 8
288 8
289 9
289 9
289 9
289 9
289 9
289 9
289 9
289 9
289 9
289 9
289 9
289 9
290 0
290 0
290 0
290 0
290 0
290 0
290 0
290 0
290 0
290 0
290 0
290 0
291 1
291 1
291 1
291 1
291 1
291 1
291 1
291 1
291 1
291 1
291 1
291 1
292 2
292 2
292 2
292 2
292 2
292 2
292 2
292 2
292 2
292 2
292 2
292 2
293 3
293 3
293 3
293 3
293 3
293 3
293 3
293 3
293 3
293 3
293 3
293 3
294 4
294 4
294 4
294 4
294 4
294 4
294 4
294 4
294 4
294 4
294 4
294 4
295 5
295 5
295 5
295 5
295 5
295 5
295 5
295 5
295 5
295 5
295 5
295 5
296 6
296 6
296 6
296 6
296 6
296 6
296 6
296 6
296 6
296 6
296 6
296 6
297 7
297 7
297 7
297 7
297 7
297 7
297 7
297 7
297 7
297 7
297 7
297 7
298 8
298 8
298 8
298 8
298 8
298 8
298 8
298 8
298 8
298 8
298 8
298 8
299 9
299 9
299 9
299 9
299 9
299 9
299 9
299 9
299 9
299 9
299 9
299 9
300 0
300 0
300 0
300 0
300 0
300 0
300 0
300 0
300 0
300 0
300 0
300 0
301 1
301 1
301 1
301 1
301 1
301 1
301 1
301 1
301 1
301 1
301 1
301 1
302 2
302 2
302 2
302 2
302 2
302 2
302 2
302 2
302 2
302 2
302 2
302 2
303 3
303 3
303 3
303 3
303 3
303 3
303 3
303 3
303 3
303 3
303 3
303 3
304 4
304 4
304 4
304 4
304 4
304 4
304 4
304 4
304 4
304 4
304 4
304 4
305 5
305 5
305 5
305 5
305 5
305 5
305 5
305 5
305 5
305 5
305 5
305 5
306 6
306 6
306 6
306 6
306 6
306 6
306 6
306 6
306 6
306 6
306 6
306 6
307 7
307 7
307 7
307 7
307 7
307 7
307 7
307 7
307 7
307 7
307 7
307 7
308 8
308 8
308 8
308 8
308 8
308 8
308 8
308 8
308 8
308 8
308 8
308 8
309 9
309 9
309 9
309 9
309 9
309 9
309 9
309 9
309 9
309 9
309 9
309 9
310 0
310 0
310 0
310 0
310 0
310 0
310 0
310 0
310 0
310 0
310 0
310 0
311 1
311 1
311 1
311 1
311 1
311 1
311 1
311 1
311 1
311 1
311 1
311 1
312 2
312 2
312 2
312 2
312 2
312 2
312 2
312 2
312 2
312 2
312 2
312 2
313 3
313 3
313 3
313 3
313 3
313 3
313 3
313 3
313 3
313 3
313 3
313 3
314 4
314 4
314 4
314 4
314 4
314 4
314 4
314 4
314 4
314 4
314 4
314 4
315 5
315 5
315 5
315 5
315 5
315 5
315 5
315 5
315 5
315 5
315 5
315 5
316 6
316 6
316 6
316 6
316 6
316 6
316 6
316 6
316 6
316 6
316 6
316 6
317 7
317 7
317 7
317 7
317 7
317 7
317 7
317 7
317 7
317 7
317 7
317 7
318 8
318 8
318 8
318 8
318 8
318 8
318 8
318 8
318 8
318 8
318 8
318 8
319 9
319 9
319 9
319 9
319 9
319 9
319 9
319 9
319 9
319 9
319 9
319 9
320 0
320 0
320 0
320 0
320 0
320 0
320 0
320 0
320 0
320 0
320 0
320 0
321 1
321 1
321 1
321 1
321 1
321 1
321 1
321 1
321 1
321 1
321 1
321 1
322 2
322 2
322 2
322 2
322 2
322 2
322 2
322 2
322 2
322 2
322 2
322 2
323 3
323 3
323 3
323 3
323 3
323 3
323 3
323 3
323 3
323 3
323 3
323 3
324 4
324 4
324 4
324 4
324 4
324 4
324 4
324 4
324 4
324 4
324 4
324 4
325 5
325 5
325 5
325 5
325 5
325 5
325 5
325 5
325 5
325 5
325 5
325 5
326 6
326 6
326 6
326 6
326 6
326 6
326 6
326 6
326 6
326 6
326 6
326 6
327 7
327 7
327 7
327 7
327 7
327 7
327 7
327 7
327 7
327 7
327 7
327 7
328 8
328 8
328 8
328 8
328 8
328 8
328 8
328 8
328 8
328 8
328 8
328 8
329 9
329 9
329 9
329 9
329 9
329 9
329 9
329 9
329 9
329 9
329 9
329 9
330 0
330 0
330 0
330 0
330 0
330 0
330 0
330 0
330 0
330 0
330 0
330 0
331 1
331 1
331 1
331 1
331 1
331 1
331 1
331 1
331 1
331 1
331 1
331 1
332 2
332 2
332 2
332 2
332 2
332 2
332 2
332 2
332 2
332 2
332 2
332 2
333 3
333 3
333 3
333 3
333 3
333 3
333 3
333 3
333 3
333 3
333 3
333 3
334 4
334 4
334 4
334 4
334 4
334 4
334 4
334 4
334 4
334 4
334 4
334 4
335 5
335 5
335 5
335 5
335 5
335 5
335 5
335 5
335 5
335 5
335 5
335 5
336 6
336 6
336 6
336 6
336 6
336 6
336 6
336 6
336 6
336 6
336 6
336 6
337 7
337 7
337 7
337 7
337 7
337 7
337 7
337 7
337 7
337 7
337 7
337 7
338 8
338 8
338 8
338 8
338 8
338 8
338 8
338 8
338 8
338 8
338 8
338 8
339 9
339 9
339 9
339 9
339 9
339 9
339 9
339 9
339 9
339 9
339 9
339 9
340 0
340 0
340 0
340 0
340 0
340 0
340 0
340 0
340 0
340 0
340 0
340 0
341 1
341 1
341 1
341 1
341 1
341 1
341 1
341 1
341 1
341 1
341 1
341 1
342 2
342 2
342 2
342 2
342 2
342 2
342 2
342 2
342 2
342 2
342 2
342 2
343 3
343 3
343 3
343 3
343 3
343 3
343 3
343 3
343 3
343 3
343 3
343 3
344 4
344 4
344 4
344 4
344 4
344 4
344 4
344 4
344 4
344 4
344 4
344 4
345 5
345 5
345 5
345 5
345 5
345 5
345 5
345 5
345 5
345 5
345 5
345 5
346 6
346 6
346 6
346 6
346 6
346 6
346 6
346 6
346 6
346 6
346 6
346 6
347 7
347 7
347 7
347 7
347 7
347 7
347 7
347 7
347 7
347 7
347 7
347 7
348 8
348 8
348 8
348 8
348 8
348 8
348 8
348 8
348 8
348 8
348 8
348 8
349 9
349 9
349 9
349 9
349 9
349 9
349 9
349 9
349 9
349 9
349 9
349 9
350 0
350 0
350 0
350 0
350 0
350 0
350 0
350 0
350 0
350 0
350 0
350 0
351 1
351 1
351 1
351 1
351 1
351 1
351 1
351 1
351 1
351 1
351 1
351 1
352 2
352 2
352 2
352 2
352 2
352 2
352 2
352 2
352 2
352 2
352 2
352 2
353 3
353 3
353 3
353 3
353 3
353 3
353 3
353 3
353 3
353 3
353 3
353 3
354 4
354 4
354 4
354 4
354 4
354 4
354 4
354 4
354 4
354 4
354 4
354 4
355 5
355 5
355 5
355 5
355 5
355 5
355 5
355 5
355 5
355 5
355 5
355 5
356 6
356 6
356 6
356 6
356 6
356 6
356 6
356 6
356 6
356 6
356 6
356 6
357 7
357 7
357 7
357 7
357 7
357 7
357 7
357 7
357 7
357 7
357 7
357 7
358 8
358 8
358 8
358 8
358 8
358 8
358 8
358 8
358 8
358 8
358 8
358 8
359 9
359 9
359 9
359 9
359 9
359 9
359 9
359 9
359 9
359 9
359 9
359 9
360 0
360 0
360 0
360 0
360 0
360 0
360 0
360 0
360 0
360 0
360 0
360 0
361 1
361 1
361 1
361 1
361 1
361 1
361 1
361 1
361 1
361 1
361 1
361 1
362 2
362 2
362 2
362 2
362 2
362 2
362 2
362 2
362 2
362 2
362 2
362 2
363 3
363 3
363 3
363 3
363 3
363 3
363 3
363 3
363 3
363 3
363 3
363 3
364 4
364 4
364 4
364 4
364 4
364 4
364 4
364 4
364 4
364 4
364 4
364 4
365 5
365 5
365 5
365 5
365 5
365 5
365 5
365 5
365 5
365 5
365 5
365 5
366 6
366 6
366 6
366 6
366 6
366 6
366 6
366 6
366 6
366 6
366 6
366 6
367 7
367 7
367 7
367 7
367 7
367 7
367 7
367 7
367 7
367 7
367 7
367 7
368 8
368 8
368 8
368 8
368 8
368 8
368 8
368 8
368 8
368 8
368 8
368 8
369 9
369 9
369 9
369 9
369 9
369 9
369 9
369 9
369 9
369 9
369 9
369 9
370 0
370 0
370 0
370 0
370 0
370 0
370 0
370 0
370 0
370 0
370 0
370 0
371 1
371 1
371 1
371 1
371 1
371 1
371 1
371 1
371 1
371 1
371 1
371 1
372 2
372 2
372 2
372 2
372 2
372 2
372 2
372 2
372 2
372 2
372 2
372 2
373 3
373 3
373 3
373 3
373 3
373 3
373 3
373 3
373 3
373 3
373 3
373 3
374 4
374 4
374 4
374 4
374 4
374 4
374 4
374 4
374 4
374 4
374 4
374 4
375 5
375 5
375 5
375 5
375 5
375 5
375 5
375 5
375 5
375 5
375 5
375 5
376 6
376 6
376 6
376 6
376 6
376 6
376 6
376 6
376 6
376 6
376 6
376 6
377 7
377 7
377 7
377 7
377 7
377 7
377 7
377 7
377 7
377 7
377 7
377 7
378 8
378 8
378 8
378 8
378 8
378 8
378 8
378 8
378 8
378 8
378 8
378 8
379 9
379 9
379 9
379 9
379 9
379 9
379 9
379 9
379 9
379 9
379 9
379 9
380 0
380 0
380 0
380 0
380 0
380 0
380 0
380 0
380 0
380 0
380 0
380 0
381 1
381 1
381 1
381 1
381 1
381 1
381 1
381 1
381 1
381 1
381 1
381 1
382 2
382 2
382 2
382 2
382 2
382 2
382 2
382 2
382 2
382 2
382 2
382 2
383 3
383 3
383 3
383 3
383 3
383 3
383 3
383 3
383 3
383 3
383 3
383 3
384 4
384 4
384 4
384 4
384 4
384 4
384 4
384 4
384 4
384 4
384 4
384 4
385 5
385 5
385 5
385 5
385 5
385 5
385 5
385 5
385 5
385 5
385 5
385 5
386 6
386 6
386 6
386 6
386 6
386 6
386 6
386 6
386 6
386 6
386 6
386 6
387 7
387 7
387 7
387 7
387 7
387 7
387 7
387 7
387 7
387 7
387 7
387 7
388 8
388 8
388 8
388 8
388 8
388 8
388 8
388 8
388 8
388 8
388 8
388 8
389 9
389 9
389 9
389 9
389 9
389 9
389 9
389 9
389 9
389 9
389 9
389 9
390 0
390 0
390 0
390 0
390 0
390 0
390 0
390 0
390 0
390 0
390 0
390 0
391 1
391 1
391 1
391 1
391 1
391 1
391 1
391 1
391 1
391 1
391 1
391 1
392 2
392 2
392 2
392 2
392 2
392 2
392 2
392 2
392 2
392 2
392 2
392 2
393 3
393 3
393 3
393 3
393 3
393 3
393 3
393 3
393 3
393 3
393 3
393 3
394 4
394 4
394 4
394 4
394 4
394 4
394 4
394 4
394 4
394 4
394 4
394 4
395 5
395 5
395 5
395 5
395 5
395 5
395 5
395 5
395 5
395 5
395 5
395 5
396 6
396 6
396 6
396 6
396 6
396 6
396 6
396 6
396 6
396 6
396 6
396 6
397 7
397 7
397 7
397 7
397 7
397 7
397 7
397 7
397 7
397 7
397 7
397 7
398 8
398 8
398 8
398 8
398 8
398 8
398 8
398 8
398 8
398 8
398 8
398 8
399 9
399 9
399 9
399 9
399 9
399 9
399 9
399 9
399 9
399 9
399 9
399 9
400 0
400 0
400 0
400 0
400 0
400 0
400 0
400 0
400 0
400 0
400 0
400 0
401 1
401 1
401 1
401 1
401 1
401 1
401 1
401 1
401 1
401 1
401 1
401 1
402 2
402 2
402 2
402 2
402 2
402 2
402 2
402 2
402 2
402 2
402 2
402 2
403 3
403 3
403 3
403 3
403 3
403 3
403 3
403 3
403 3
403 3
403 3
403 3
404 4
404 4
404 4
404 4
404 4
404 4
404 4
404 4
404 4
404 4
404 4
404 4
405 5
405 5
405 5
405 5
405 5
405 5
405 5
405 5
405 5
405 5
405 5
405 5
406 6
406 6
406 6
406 6
406 6
406 6
406 6
406 6
406 6
406 6
406 6
406 6
407 7
407 7
407 7
407 7
407 7
407 7
407 7
407 7
407 7
407 7
407 7
407 7
408 8
408 8
408 8
408 8
408 8
408 8
408 8
408 8
408 8
408 8
408 8
408 8
409 9
409 9
409 9
409 9
409 9
409 9
409 9
409 9
409 9
409 9
409 9
409 9
410 0
410 0
410 0
410 0
410 0
410 0
410 0
410 0
410 0
410 0
410 0
410 0
411 1
411 1
411 1
411 1
411 1
411 1
411 1
411 1
411 1
411 1
411 1
411 1
412 2
412 2
412 2
412 2
412 2
412 2
412 2
412 2
412 2
412 2
412 2
412 2
413 3
413 3
413 3
413 3
413 3
413 3
413 3
413 3
413 3
413 3
413 3
413 3
414 4
414 4
414 4
414 4
414 4
414 4
414 4
414 4
414 4
414 4
414 4
414 4
415 5
415 5
415 5
415 5
415 5
415 5
415 5
415 5
415 5
415 5
415 5
415 5
416 6
416 6
416 6
416 6
416 6
416 6
416 6
416 6
416 6
416 6
416 6
416 6
417 7
417 7
417 7
417 7
417 7
417 7
417 7
417 7
417 7
417 7
417 7
417 7
418 8
418 8
418 8
418 8
418 8
418 8
418 8
418 8
418 8
418 8
418 8
418 8
419 9
419 9
419 9
419 9
419 9
419 9
419 9
419 9
419 9
419 9
419 9
419 9
420 0
420 0
420 0
420 0
420 0
420 0
420 0
420 0
420 0
420 0
420 0
420 0
421 1
421 1
421 1
421 1
421 1
421 1
421 1
421 1
421 1
421 1
421 1
421 1
422 2
422 2
422 2
422 2
422 2
422 2
422 2
422 2
422 2
422 2
422 2
422 2
423 3
423 3
423 3
423 3
423 3
423 3
423 3
423 3
423 3
423 3
423 3
423 3
424 4
424 4
424 4
424 4
424 4
424 4
424 4
424 4
424 4
424 4
424 4
424 4
425 5
425 5
425 5
425 5
425 5
425 5
425 5
425 5
425 5
425 5
425 5
425 5
426 6
426 6
426 6
426 6
426 6
426 6
426 6
426 6
426 6
426 6
426 6
426 6
427 7
427 7
427 7
427 7
427 7
427 7
427 7
427 7
427 7
427 7
427 7
427 7
428 8
428 8
428 8
428 8
428 8
428 8
428 8
428 8
428 8
428 8
428 8
428 8
429 9
429 9
429 9
429 9
429 9
429 9
429 9
429 9
429 9
429 9
429 9
429 9
430 0
430 0
430 0
430 0
430 0
430 0
430 0
430 0
430 0
430 0
430 0
430 0
431 1
431 1
431 1
431 1
431 1
431 1
431 1
431 1
431 1
431 1
431 1
431 1
432 2
432 2
432 2
432 2
432 2
432 2
432 2
432 2
432 2
432 2
432 2
432 2
433 3
433 3
433 3
433 3
433 3
433 3
433 3
433 3
433 3
433 3
433 3
433 3
434 4
434 4
434 4
434 4
434 4
434 4
434 4
434 4
434 4
434 4
434 4
434 4
435 5
435 5
435 5
435 5
435 5
435 5
435 5
435 5
435 5
435 5
435 5
435 5
436 6
436 6
436 6
436 6
436 6
436 6
436 6
436 6
436 6
436 6
436 6
436 6
437 7
437 7
437 7
437 7
437 7
437 7
437 7
437 7
437 7
437 7
437 7
437 7
438 8
438 8
438 8
438 8
438 8
438 8
438 8
438 8
438 8
438 8
438 8
438 8
439 9
439 9
439 9
439 9
439 9
439 9
439 9
439 9
439 9
439 9
439 9
439 9
440 0
440 0
440 0
440 0
440 0
440 0
440 0
440 0
440 0
440 0
440 0
440 0
441 1
441 1
441 1
441 1
441 1
441 1
441 1
441 1
441 1
441 1
441 1
441 1
442 2
442 2
442 2
442 2
442 2
442 2
442 2
442 2
442 2
442 2
442 2
442 2
443 3
443 3
443 3
443 3
443 3
443 3
443 3
443 3
443 3
443 3
443 3
443 3
444 4
444 4
444 4
444 4
444 4
444 4
444 4
444 4
444 4
444 4
444 4
444 4
445 5
445 5
445 5
445 5
445 5
445 5
445 5
445 5
445 5
445 5
445 5
445 5
446 6
446 6
446 6
446 6
446 6
446 6
446 6
446 6
446 6
446 6
446 6
446 6
447 7
447 7
447 7
447 7
447 7
447 7
447 7
447 7
447 7
447 7
447 7
447 7
448 8
448 8
448 8
448 8
448 8
448 8
448 8
448 8
448 8
448 8
448 8
448 8
449 9
449 9
449 9
449 9
449 9
449 9
449 9
449 9
449 9
449 9
449 9
449 9
450 0
450 0
450 0
450 0
450 0
450 0
450 0
450 0
450 0
450 0
450 0
450 0
451 1
451 1
451 1
451 1
451 1
451 1
451 1
451 1
451 1
451 1
451 1
451 1
452 2
452 2
452 2
452 2
452 2
452 2
452 2
452 2
452 2
452 2
452 2
452 2
453 3
453 3
453 3
453 3
453 3
453 3
453 3
453 3
453 3
453 3
453 3
453 3
454 4
454 4
454 4
454 4
454 4
454 4
454 4
454 4
454 4
454 4
454 4
454 4
455 5
455 5
455 5
455 5
455 5
455 5
455 5
455 5
455 5
455 5
455 5
455 5
456 6
456 6
456 6
456 6
456 6
456 6
456 6
456 6
456 6
456 6
456 6
456 6
457 7
457 7
457 7
457 7
457 7
457 7
457 7
457 7
457 7
457 7
457 7
457 7
458 8
458 8
458 8
458 8
458 8
458 8
458 8
458 8
458 8
458 8
458 8
458 8
459 9
459 9
459 9
459 9
459 9
459 9
459 9
459 9
459 9
459 9
459 9
459 9
460 0
460 0
460 0
460 0
460 0
460 0
460 0
460 0
460 0
460 0
460 0
460 0
461 1
461 1
461 1
461 1
461 1
461 1
461 1
461 1
461 1
461 1
461 1
461 1
462 2
462 2
462 2
462 2
462 2
462 2
462 2
462 2
462 2
462 2
462 2
462 2
463 3
463 3
463 3
463 3
463 3
463 3
463 3
463 3
463 3
463 3
463 3
463 3
464 4
464 4
464 4
464 4
464 4
464 4
464 4
464 4
464 4
464 4
464 4
464 4
465 5
465 5
465 5
465 5
465 5
465 5
465 5
465 5
465 5
465 5
465 5
465 5
466 6
466 6
466 6
466 6
466 6
466 6
466 6
466 6
466 6
466 6
466 6
466 6
467 7
467 7
467 7
467 7
467 7
467 7
467 7
467 7
467 7
467 7
467 7
467 7
468 8
468 8
468 8
468 8
468 8
468 8
468 8
468 8
468 8
468 8
468 8
468 8
469 9
469 9
469 9
469 9
469 9
469 9
469 9
469 9
469 9
469 9
469 9
469 9
470 0
470 0
470 0
470 0
470 0
470 0
470 0
470 0
470 0
470 0
470 0
470 0
471 1
471 1
471 1
471 1
471 1
471 1
471 1
471 1
471 1
471 1
471 1
471 1
472 2
472 2
472 2
472 2
472 2
472 2
472 2
472 2
472 2
472 2
472 2
472 2
473 3
473 3
473 3
473 3
473 3
473 3
473 3
473 3
473 3
473 3
473 3
473 3
474 4
474 4
474 4
474 4
474 4
474 4
474 4
474 4
474 4
474 4
474 4
474 4
475 5
475 5
475 5
475 5
475 5
475 5
475 5
475 5
475 5
475 5
475 5
475 5
476 6
476 6
476 6
476 6
476 6
476 6
476 6
476 6
476 6
476 6
476 6
476 6
477 7
477 7
477 7
477 7
477 7
477 7
477 7
477 7
477 7
477 7
477 7
477 7
478 8
478 8
478 8
478 8
478 8
478 8
478 8
478 8
478 8
478 8
478 8
478 8
479 9
479 9
479 9
479 9
479 9
479 9
479 9
479 9
479 9
479 9
479 9
479 9
480 0
480 0
480 0
480 0
480 0
480 0
480 0
480 0
480 0
480 0
480 0
480 0
481 1
481 1
481 1
481 1
481 1
481 1
481 1
481 1
481 1
481 1
481 1
481 1
482 2
482 2
482 2
482 2
482 2
482 2
482 2
482 2
482 2
482 2
482 2
482 2
483 3
483 3
483 3
483 3
483 3
483 3
483 3
483 3
483 3
483 3
483 3
483 3
484 4
484 4
484 4
484 4
484 4
484 4
484 4
484 4
484 4
484 4
484 4
484 4
485 5
485 5
485 5
485 5
485 5
485 5
485 5
485 5
485 5
485 5
485 5
485 5
486 6
486 6
486 6
486 6
486 6
486 6
486 6
486 6
486 6
486 6
486 6
486 6
487 7
487 7
487 7
487 7
487 7
487 7
487 7
487 7
487 7
487 7
487 7
487 7
488 8
488 8
488 8
488 8
488 8
488 8
488 8
488 8
488 8
488 8
488 8
488 8
489 9
489 9
489 9
489 9
489 9
489 9
489 9
489 9
489 9
489 9
489 9
489 9
490 0
490 0
490 0
490 0
490 0
490 0
490 0
490 0
490 0
490 0
490 0
490 0
491 1
491 1
491 1
491 1
491 1
491 1
491 1
491 1
491 1
491 1
491 1
491 1
492 2
492 2
492 2
492 2
492 2
492 2
492 2
492 2
492 2
492 2
492 2
492 2
493 3
493 3
493 3
493 3
493 3
493 3
493 3
493 3
493 3
493 3
493 3
493 3
494 4
494 4
494 4
494 4
494 4
494 4
494 4
494 4
494 4
494 4
494 4
494 4
495 5
495 5
495 5
495 5
495 5
495 5
495 5
495 5
495 5
495 5
495 5
495 5
496 6
496 6
496 6
496 6
496 6
496 6
496 6
496 6
496 6
496 6
496 6
496 6
497 7
497 7
497 7
497 7
497 7
497 7
497 7
497 7
497 7
497 7
497 7
497 7
498 8
498 8
498 8
498 8
498 8
498 8
498 8
498 8
498 8
498 8
498 8
498 8
499 9
499 9
499 9
499 9
499 9
499 9
499 9
499 9
499 9
499 9
499 9
499 9
500 0
500 0
500 0
500 0
500 0
500 0
500 0
500 0
500 0
500 0
500 0
500 0
501 1
501 1
501 1
501 1
501 1
501 1
501 1
501 1
501 1
501 1
501 1
501 1
502 2
502 2
502 2
502 2
502 2
502 2
502 2
502 2
502 2
502 2
502 2
502 2
503 3
503 3
503 3
503 3
503 3
503 3
503 3
503 3
503 3
503 3
503 3
503 3
504 4
504 4
504 4
504 4
504 4
504 4
504 4
504 4
504 4
504 4
504 4
504 4
505 5
505 5
505 5
505 5
505 5
505 5
505 5
505 5
505 5
505 5
505 5
505 5
506 6
506 6
506 6
506 6
506 6
506 6
506 6
506 6
506 6
506 6
506 6
506 6
507 7
507 7
507 7
507 7
507 7
507 7
507 7
507 7
507 7
507 7
507 7
507 7
508 8
508 8
508 8
508 8
508 8
508 8
508 8
508 8
508 8
508 8
508 8
508 8
509 9
509 9
509 9
509 9
509 9
509 9
509 9
509 9
509 9
509 9
509 9
509 9
510 0
510 0
510 0
510 0
510 0
510 0
510 0
510 0
510 0
510 0
510 0
510 0
511 1
511 1
511 1
511 1
511 1
511 1
511 1
511 1
511 1
511 1
511 1
511 1
512 2
512 2
512 2
512 2
512 2
512 2
512 2
512 2
512 2
512 2
512 2
512 2
513 3
513 3
513 3
513 3
513 3
513 3
513 3
513 3
513 3
513 3
513 3
513 3
514 4
514 4
514 4
514 4
514 4
514 4
514 4
514 4
514 4
514 4
514 4
514 4
515 5
515 5
515 5
515 5
515 5
515 5
515 5
515 5
515 5
515 5
515 5
515 5
516 6
516 6
516 6
516 6
516 6
516 6
516 6
516 6
516 6
516 6
516 6
516 6
517 7
517 7
517 7
517 7
517 7
517 7
517 7
517 7
517 7
517 7
517 7
517 7
518 8
518 8
518 8
518 8
518 8
518 8
518 8
518 8
518 8
518 8
518 8
518 8
519 9
519 9
519 9
519 9
519 9
519 9
519 9
519 9
519 9
519 9
519 9
519 9
520 0
520 0
520 0
520 0
520 0
520 0
520 0
520 0
520 0
520 0
520 0
520 0
521 1
521 1
521 1
521 1
521 1
521 1
521 1
521 1
521 1
521 1
521 1
521 1
522 2
522 2
522 2
522 2
522 2
522 2
522 2
522 2
522 2
522 2
522 2
522 2
523 3
523 3
523 3
523 3
523 3
523 3
523 3
523 3
523 3
523 3
523 3
523 3
524 4
524 4
524 4
524 4
524 4
524 4
524 4
524 4
524 4
524 4
524 4
524 4
525 5
525 5
525 5
525 5
525 5
525 5
525 5
525 5
525 5
525 5
525 5
525 5
526 6
526 6
526 6
526 6
526 6
526 6
526 6
526 6
526 6
526 6
526 6
526 6
527 7
527 7
527 7
527 7
527 7
527 7
527 7
527 7
527 7
527 7
527 7
527 7
528 8
528 8
528 8
528 8
528 8
528 8
528 8
528 8
528 8
528 8
528 8
528 8
529 9
529 9
529 9
529 9
529 9
529 9
529 9
529 9
529 9
529 9
529 9
529 9
530 0
530 0
530 0
530 0
530 0
530 0
530 0
530 0
530 0
530 0
530 0
530 0
531 1
531 1
531 1
531 1
531 1
531 1
531 1
531 1
531 1
531 1
531 1
531 1
532 2
532 2
532 2
532 2
532 2
532 2
532 2
532 2
532 2
532 2
532 2
532 2
533 3
533 3
533 3
533 3
533 3
533 3
533 3
533 3
533 3
533 3
533 3
533 3
534 4
534 4
534 4
534 4
534 4
534 4
534 4
534 4
534 4
534 4
534 4
534 4
535 5
535 5
535 5
535 5
535 5
535 5
535 5
535 5
535 5
535 5
535 5
535 5
536 6
536 6
536 6
536 6
536 6
536 6
536 6
536 6
536 6
536 6
536 6
536 6
537 7
537 7
537 7
537 7
537 7
537 7
537 7
537 7
537 7
537 7
537 7
537 7
538 8
538 8
538 8
538 8
538 8
538 8
538 8
538 8
538 8
538 8
538 8
538 8
539 9
539 9
539 9
539 9
539 9
539 9
539 9
539 9
539 9
539 9
539 9
539 9
540 0
540 0
540 0
540 0
540 0
540 0
540 0
540 0
540 0
540 0
540 0
540 0
541 1
541 1
541 1
541 1
541 1
541 1
541 1
541 1
541 1
541 1
541 1
541 1
542 2
542 2
542 2
542 2
542 2
542 2
542 2
542 2
542 2
542 2
542 2
542 2
543 3
543 3
543 3
543 3
543 3
543 3
543 3
543 3
543 3
543 3
543 3
543 3
544 4
544 4
544 4
544 4
544 4
544 4
544 4
544 4
544 4
544 4
544 4
544 4
545 5
545 5
545 5
545 5
545 5
545 5
545 5
545 5
545 5
545 5
545 5
545 5
546 6
546 6
546 6
546 6
546 6
546 6
546 6
546 6
546 6
546 6
546 6
546 6
547 7
547 7
547 7
547 7
547 7
547 7
547 7
547 7
547 7
547 7
547 7
547 7
548 8
548 8
548 8
548 8
548 8
548 8
548 8
548 8
548 8
548 8
548 8
548 8
549 9
549 9
549 9
549 9
549 9
549 9
549 9
549 9
549 9
549 9
549 9
549 9
550 0
550 0
550 0
550 0
550 0
550 0
550 0
550 0
550 0
550 0
550 0
550 0
551 1
551 1
551 1
551 1
551 1
551 1
551 1
551 1
551 1
551 1
551 1
551 1
552 2
552 2
552 2
552 2
552 2
552 2
552 2
552 2
552 2
552 2
552 2
552 2
553 3
553 3
553 3
553 3
553 3
553 3
553 3
553 3
553 3
553 3
553 3
553 3
554 4
554 4
554 4
554 4
554 4
554 4
554 4
554 4
554 4
554 4
554 4
554 4
555 5
555 5
555 5
555 5
555 5
555 5
555 5
555 5
555 5
555 5
555 5
555 5
556 6
556 6
556 6
556 6
556 6
556 6
556 6
556 6
556 6
556 6
556 6
556 6
557 7
557 7
557 7
557 7
557 7
557 7
557 7
557 7
557 7
557 7
557 7
557 7
558 8
558 8
558 8
558 8
558 8
558 8
558 8
558 8
558 8
558 8
558 8
558 8
559 9
559 9
559 9
559 9
559 9
559 9
559 9
559 9
559 9
559 9
559 9
559 9
560 0
560 0
560 0
560 0
560 0
560 0
560 0
560 0
560 0
560 0
560 0
560 0
561 1
561 1
561 1
561 1
561 1
561 1
561 1
561 1
561 1
561 1
561 1
561 1
562 2
562 2
562 2
562 2
562 2
562 2
562 2
562 2
562 2
562 2
562 2
562 2
563 3
563 3
563 3
563 3
563 3
563 3
563 3
563 3
563 3
563 3
563 3
563 3
564 4
564 4
564 4
564 4
564 4
564 4
564 4
564 4
564 4
564 4
564 4
564 4
565 5
565 5
565 5
565 5
565 5
565 5
565 5
565 5
565 5
565 5
565 5
565 5
566 6
566 6
566 6
566 6
566 6
566 6
566 6
566 6
566 6
566 6
566 6
566 6
567 7
567 7
567 7
567 7
567 7
567 7
567 7
567 7
567 7
567 7
567 7
567 7
568 8
568 8
568 8
568 8
568 8
568 8
568 8
568 8
568 8
568 8
568 8
568 8
569 9
569 9
569 9
569 9
569 9
569 9
569 9
569 9
569 9
569 9
569 9
569 9
570 0
570 0
570 0
570 0
570 0
570 0
570 0
570 0
570 0
570 0
570 0
570 0
571 1
571 1
571 1
571 1
571 1
571 1
571 1
571 1
571 1
571 1
571 1
571 1
572 2
572 2
572 2
572 2
572 2
572 2
572 2
572 2
572 2
572 2
572 2
572 2
573 3
573 3
573 3
573 3
573 3
573 3
573 3
573 3
573 3
573 3
573 3
573 3
574 4
574 4
574 4
574 4
574 4
574 4
574 4
574 4
574 4
574 4
574 4
574 4
575 5
575 5
575 5
575 5
575 5
575 5
575 5
575 5
575 5
575 5
575 5
575 5
576 6
576 6
576 6
576 6
576 6
576 6
576 6
576 6
576 6
576 6
576 6
576 6
577 7
577 7
577 7
577 7
577 7
577 7
577 7
577 7
577 7
577 7
577 7
577 7
578 8
578 8
578 8
578 8
578 8
578 8
578 8
578 8
578 8
578 8
578 8
578 8
579 9
579 9
579 9
579 9
579 9
579 9
579 9
579 9
579 9
579 9
579 9
579 9
580 0
580 0
580 0
580 0
580 0
580 0
580 0
580 0
580 0
580 0
580 0
580 0
581 1
581 1
581 1
581 1
581 1
581 1
581 1
581 1
581 1
581 1
581 1
581 1
582 2
582 2
582 2
582 2
582 2
582 2
582 2
582 2
582 2
582 2
582 2
582 2
583 3
583 3
583 3
583 3
583 3
583 3
583 3
583 3
583 3
583 3
583 3
583 3
584 4
584 4
584 4
584 4
584 4
584 4
584 4
584 4
584 4
584 4
584 4
584 4
585 5
585 5
585 5
585 5
585 5
585 5
585 5
585 5
585 5
585 5
585 5
585 5
586 6
586 6
586 6
586 6
586 6
586 6
586 6
586 6
586 6
586 6
586 6
586 6
587 7
587 7
587 7
587 7
587 7
587 7
587 7
587 7
587 7
587 7
587 7
587 7
588 8
588 8
588 8
588 8
588 8
588 8
588 8
588 8
588 8
588 8
588 8
588 8
589 9
589 9
589 9
589 9
589 9
589 9
589 9
589 9
589 9
589 9
589 9
589 9
590 0
590 0
590 0
590 0
590 0
590 0
590 0
590 0
590 0
590 0
590 0
590 0
591 1
591 1
591 1
591 1
591 1
591 1
591 1
591 1
591 1
591 1
591 1
591 1
592 2
592 2
592 2
592 2
592 2
592 2
592 2
592 2
592 2
592 2
592 2
592 2
593 3
593 3
593 3
593 3
593 3
593 3
593 3
593 3
593 3
593 3
593 3
593 3
594 4
594 4
594 4
594 4
594 4
594 4
594 4
594 4
594 4
594 4
594 4
594 4
595 5
595 5
595 5
595 5
595 5
595 5
595 5
595 5
595 5
595 5
595 5
595 5
596 6
596 6
596 6
596 6
596 6
596 6
596 6
596 6
596 6
596 6
596 6
596 6
597 7
597 7
597 7
597 7
597 7
597 7
597 7
597 7
597 7
597 7
597 7
597 7
598 8
598 8
598 8
598 8
598 8
598 8
598 8
598 8
598 8
598 8
598 8
598 8
599 9
599 9
599 9
599 9
599 9
599 9
599 9
599 9
599 9
599 9
599 9
599 9
600 0
600 0
600 0
600 0
600 0
600 0
600 0
600 0
600 0
600 0
600 0
600 0
601 1
601 1
601 1
601 1
601 1
601 1
601 1
601 1
601 1
601 1
601 1
601 1
602 2
602 2
602 2
602 2
602 2
602 2
602 2
602 2
602 2
602 2
602 2
602 2
603 3
603 3
603 3
603 3
603 3
603 3
603 3
603 3
603 3
603 3
603 3
603 3
604 4
604 4
604 4
604 4
604 4
604 4
604 4
604 4
604 4
604 4
604 4
604 4
605 5
605 5
605 5
605 5
605 5
605 5
605 5
605 5
605 5
605 5
605 5
605 5
606 6
606 6
606 6
606 6
606 6
606 6
606 6
606 6
606 6
606 6
606 6
606 6
607 7
607 7
607 7
607 7
607 7
607 7
607 7
607 7
607 7
607 7
607 7
607 7
608 8
608 8
608 8
608 8
608 8
608 8
608 8
608 8
608 8
608 8
608 8
608 8
609 9
609 9
609 9
609 9
609 9
609 9
609 9
609 9
609 9
609 9
609 9
609 9
610 0
610 0
610 0
610 0
610 0
610 0
610 0
610 0
610 0
610 0
610 0
610 0
611 1
611 1
611 1
611 1
611 1
611 1
611 1
611 1
611 1
611 1
611 1
611 1
612 2
612 2
612 2
612 2
612 2
612 2
612 2
612 2
612 2
612 2
612 2
612 2
613 3
613 3
613 3
613 3
613 3
613 3
613 3
613 3
613 3
613 3
613 3
613 3
614 4
614 4
614 4
614 4
614 4
614 4
614 4
614 4
614 4
614 4
614 4
614 4
615 5
615 5
615 5
615 5
615 5
615 5
615 5
615 5
615 5
615 5
615 5
615 5
616 6
616 6
616 6
616 6
616 6
616 6
616 6
616 6
616 6
616 6
616 6
616 6
617 7
617 7
617 7
617 7
617 7
617 7
617 7
617 7
617 7
617 7
617 7
617 7
618 8
618 8
618 8
618 8
618 8
618 8
618 8
618 8
618 8
618 8
618 8
618 8
619 9
619 9
619 9
619 9
619 9
619 9
619 9
619 9
619 9
619 9
619 9
619 9
620 0
620 0
620 0
620 0
620 0
620 0
620 0
620 0
620 0
620 0
620 0
620 0
621 1
621 1
621 1
621 1
621 1
621 1
621 1
621 1
621 1
621 1
621 1
621 1
622 2
622 2
622 2
622 2
622 2
622 2
622 2
622 2
622 2
622 2
622 2
622 2
623 3
623 3
623 3
623 3
623 3
623 3
623 3
623 3
623 3
623 3
623 3
623 3
624 4
624 4
624 4
624 4
624 4
624 4
624 4
624 4
624 4
624 4
624 4
624 4
625 5
625 5
625 5
625 5
625 5
625 5
625 5
625 5
625 5
625 5
625 5
625 5
626 6
626 6
626 6
626 6
626 6
626 6
626 6
626 6
626 6
626 6
626 6
626 6
627 7
627 7
627 7
627 7
627 7
627 7
627 7
627 7
627 7
627 7
627 7
627 7
628 8
628 8
628 8
628 8
628 8
628 8
628 8
628 8
628 8
628 8
628 8
628 8
629 9
629 9
629 9
629 9
629 9
629 9
629 9
629 9
629 9
629 9
629 9
629 9
630 0
630 0
630 0
630 0
630 0
630 0
630 0
630 0
630 0
630 0
630 0
630 0
631 1
631 1
631 1
631 1
631 1
631 1
631 1
631 1
631 1
631 1
631 1
631 1
632 2
632 2
632 2
632 2
632 2
632 2
632 2
632 2
632 2
632 2
632 2
632 2
633 3
633 3
633 3
633 3
633 3
633 3
633 3
633 3
633 3
633 3
633 3
633 3
634 4
634 4
634 4
634 4
634 4
634 4
634 4
634 4
634 4
634 4
634 4
634 4
635 5
635 5
635 5
635 5
635 5
635 5
635 5
635 5
635 5
635 5
635 5
635 5
636 6
636 6
636 6
636 6
636 6
636 6
636 6
636 6
636 6
636 6
636 6
636 6
637 7
637 7
637 7
637 7
637 7
637 7
637 7
637 7
637 7
637 7
637 7
637 7
638 8
638 8
638 8
638 8
638 8
638 8
638 8
638 8
638 8
638 8
638 8
638 8
639 9
639 9
639 9
639 9
639 9
639 9
639 9
639 9
639 9
639 9
639 9
639 9
640 0
640 0
640 0
640 0
640 0
640 0
640 0
640 0
640 0
640 0
640 0
640 0
641 1
641 1
641 1
641 1
641 1
641 1
641 1
641 1
641 1
641 1
641 1
641 1
642 2
642 2
642 2
642 2
642 2
642 2
642 2
642 2
642 2
642 2
642 2
642 2
643 3
643 3
643 3
643 3
643 3
643 3
643 3
643 3
643 3
643 3
643 3
643 3
644 4
644 4
644 4
644 4
644 4
644 4
644 4
644 4
644 4
644 4
644 4
644 4
645 5
645 5
645 5
645 5
645 5
645 5
645 5
645 5
645 5
645 5
645 5
645 5
646 6
646 6
646 6
646 6
646 6
646 6
646 6
646 6
646 6
646 6
646 6
646 6
647 7
647 7
647 7
647 7
647 7
647 7
647 7
647 7
647 7
647 7
647 7
647 7
648 8
648 8
648 8
648 8
648 8
648 8
648 8
648 8
648 8
648 8
648 8
648 8
649 9
649 9
649 9
649 9
649 9
649 9
649 9
649 9
649 9
649 9
649 9
649 9
650 0
650 0
650 0
650 0
650 0
650 0
650 0
650 0
650 0
650 0
650 0
650 0
651 1
651 1
651 1
651 1
651 1
651 1
651 1
651 1
651 1
651 1
651 1
651 1
652 2
652 2
652 2
652 2
652 2
652 2
652 2
652 2
652 2
652 2
652 2
652 2
653 3
653 3
653 3
653 3
653 3
653 3
653 3
653 3
653 3
653 3
653 3
653 3
654 4
654 4
654 4
654 4
654 4
654 4
654 4
654 4
654 4
654 4
654 4
654 4
655 5
655 5
655 5
655 5
655 5
655 5
655 5
655 5
655 5
655 5
655 5
655 5
656 6
656 6
656 6
656 6
656 6
656 6
656 6
656 6
656 6
656 6
656 6
656 6
657 7
657 7
657 7
657 7
657 7
657 7
657 7
657 7
657 7
657 7
657 7
657 7
658 8
658 8
658 8
658 8
658 8
658 8
658 8
658 8
658 8
658 8
658 8
658 8
659 9
659 9
659 9
659 9
659 9
659 9
659 9
659 9
659 9
659 9
659 9
659 9
660 0
660 0
660 0
660 0
660 0
660 0
660 0
660 0
660 0
660 0
660 0
660 0
661 1
661 1
661 1
661 1
661 1
661 1
661 1
661 1
661 1
661 1
661 1
661 1
662 2
662 2
662 2
662 2
662 2
662 2
662 2
662 2
662 2
662 2
662 2
662 2
663 3
663 3
663 3
663 3
663 3
663 3
663 3
663 3
663 3
663 3
663 3
663 3
664 4
664 4
664 4
664 4
664 4
664 4
664 4
664 4
664 4
664 4
664 4
664 4
665 5
665 5
665 5
665 5
665 5
665 5
665 5
665 5
665 5
665 5
665 5
665 5
666 6
666 6
666 6
666 6
666 6
666 6
666 6
666 6
666 6
666 6
666 6
666 6
667 7
667 7
667 7
667 7
667 7
667 7
667 7
667 7
667 7
667 7
667 7
667 7
668 8
668 8
668 8
668 8
668 8
668 8
668 8
668 8
668 8
668 8
668 8
668 8
669 9
669 9
669 9
669 9
669 9
669 9
669 9
669 9
669 9
669 9
669 9
669 9
670 0
670 0
670 0
670 0
670 0
670 0
670 0
670 0
670 0
670 0
670 0
670 0
671 1
671 1
671 1
671 1
671 1
671 1
671 1
671 1
671 1
671 1
671 1
671 1
672 2
672 2
672 2
672 2
672 2
672 2
672 2
672 2
672 2
672 2
672 2
672 2
673 3
673 3
673 3
673 3
673 3
673 3
673 3
673 3
673 3
673 3
673 3
673 3
674 4
674 4
674 4
674 4
674 4
674 4
674 4
674 4
674 4
674 4
674 4
674 4
675 5
675 5
675 5
675 5
675 5
675 5
675 5
675 5
675 5
675 5
675 5
675 5
676 6
676 6
676 6
676 6
676 6
676 6
676 6
676 6
676 6
676 6
676 6
676 6
677 7
677 7
677 7
677 7
677 7
677 7
677 7
677 7
677 7
677 7
677 7
677 7
678 8
678 8
678 8
678 8
678 8
678 8
678 8
678 8
678 8
678 8
678 8
678 8
679 9
679 9
679 9
679 9
679 9
679 9
679 9
679 9
679 9
679 9
679 9
679 9
680 0
680 0
680 0
680 0
680 0
680 0
680 0
680 0
680 0
680 0
680 0
680 0
681 1
681 1
681 1
681 1
681 1
681 1
681 1
681 1
681 1
681 1
681 1
681 1
682 2
682 2
682 2
682 2
682 2
682 2
682 2
682 2
682 2
682 2
682 2
682 2
683 3
683 3
683 3
683 3
683 3
683 3
683 3
683 3
683 3
683 3
683 3
683 3
684 4
684 4
684 4
684 4
684 4
684 4
684 4
684 4
684 4
684 4
684 4
684 4
685 5
685 5
685 5
685 5
685 5
685 5
685 5
685 5
685 5
685 5
685 5
685 5
686 6
686 6
686 6
686 6
686 6
686 6
686 6
686 6
686 6
686 6
686 6
686 6
687 7
687 7
687 7
687 7
687 7
687 7
687 7
687 7
687 7
687 7
687 7
687 7
688 8
688 8
688 8
688 8
688 8
688 8
688 8
688 8
688 8
688 8
688 8
688 8
689 9
689 9
689 9
689 9
689 9
689 9
689 9
689 9
689 9
689 9
689 9
689 9
690 0
690 0
690 0
690 0
690 0
690 0
690 0
690 0
690 0
690 0
690 0
690 0
691 1
691 1
691 1
691 1
691 1
691 1
691 1
691 1
691 1
691 1
691 1
691 1
692 2
692 2
692 2
692 2
692 2
692 2
692 2
692 2
692 2
692 2
692 2
692 2
693 3
693 3
693 3
693 3
693 3
693 3
693 3
693 3
693 3
693 3
693 3
693 3
694 4
694 4
694 4
694 4
694 4
694 4
694 4
694 4
694 4
694 4
694 4
694 4
695 5
695 5
695 5
695 5
695 5
695 5
695 5
695 5
695 5
695 5
695 5
695 5
696 6
696 6
696 6
696 6
696 6
696 6
696 6
696 6
696 6
696 6
696 6
696 6
697 7
697 7
697 7
697 7
697 7
697 7
697 7
697 7
697 7
697 7
697 7
697 7
698 8
698 8
698 8
698 8
698 8
698 8
698 8
698 8
698 8
698 8
698 8
698 8
699 9
699 9
699 9
699 9
699 9
699 9
699 9
699 9
699 9
699 9
699 9
699 9
700 0
700 0
700 0
700 0
700 0
700 0
700 0
700 0
700 0
700 0
700 0
700 0
701 1
701 1
701 1
701 1
701 1
701 1
701 1
701 1
701 1
701 1
701 1
701 1
702 2
702 2
702 2
702 2
702 2
702 2
702 2
702 2
702 2
702 2
702 2
702 2
703 3
703 3
703 3
703 3
703 3
703 3
703 3
703 3
703 3
703 3
703 3
703 3
704 4
704 4
704 4
704 4
704 4
704 4
704 4
704 4
704 4
704 4
704 4
704 4
705 5
705 5
705 5
705 5
705 5
705 5
705 5
705 5
705 5
705 5
705 5
705 5
706 6
706 6
706 6
706 6
706 6
706 6
706 6
706 6
706 6
706 6
706 6
706 6
707 7
707 7
707 7
707 7
707 7
707 7
707 7
707 7
707 7
707 7
707 7
707 7
708 8
708 8
708 8
708 8
708 8
708 8
708 8
708 8
708 8
708 8
708 8
708 8
709 9
709 9
709 9
709 9
709 9
709 9
709 9
709 9
709 9
709 9
709 9
709 9
710 0
710 0
710 0
710 0
710 0
710 0
710 0
710 0
710 0
710 0
710 0
710 0
711 1
711 1
711 1
711 1
711 1
711 1
711 1
711 1
711 1
711 1
711 1
711 1
712 2
712 2
712 2
712 2
712 2
712 2
712 2
712 2
712 2
712 2
712 2
712 2
713 3
713 3
713 3
713 3
713 3
713 3
713 3
713 3
713 3
713 3
713 3
713 3
714 4
714 4
714 4
714 4
714 4
714 4
714 4
714 4
714 4
714 4
714 4
714 4
715 5
715 5
715 5
715 5
715 5
715 5
715 5
715 5
715 5
715 5
715 5
715 5
716 6
716 6
716 6
716 6
716 6
716 6
716 6
716 6
716 6
716 6
716 6
716 6
717 7
717 7
717 7
717 7
717 7
717 7
717 7
717 7
717 7
717 7
717 7
717 7
718 8
718 8
718 8
718 8
718 8
718 8
718 8
718 8
718 8
718 8
718 8
718 8
719 9
719 9
719 9
719 9
719 9
719 9
719 9
719 9
719 9
719 9
719 9
719 9
720 0
720 0
720 0
720 0
720 0
720 0
720 0
720 0
720 0
720 0
720 0
720 0
721 1
721 1
721 1
721 1
721 1
721 1
721 1
721 1
721 1
721 1
721 1
721 1
722 2
722 2
722 2
722 2
722 2
722 2
722 2
722 2
722 2
722 2
722 2
722 2
723 3
723 3
723 3
723 3
723 3
723 3
723 3
723 3
723 3
723 3
723 3
723 3
724 4
724 4
724 4
724 4
724 4
724 4
724 4
724 4
724 4
724 4
724 4
724 4
725 5
725 5
725 5
725 5
725 5
725 5
725 5
725 5
725 5
725 5
725 5
725 5
726 6
726 6
726 6
726 6
726 6
726 6
726 6
726 6
726 6
726 6
726 6
726 6
727 7
727 7
727 7
727 7
727 7
727 7
727 7
727 7
727 7
727 7
727 7
727 7
728 8
728 8
728 8
728 8
728 8
728 8
728 8
728 8
728 8
728 8
728 8
728 8
729 9
729 9
729 9
729 9
729 9
729 9
729 9
729 9
729 9
729 9
729 9
729 9
730 0
730 0
730 0
730 0
730 0
730 0
730 0
730 0
730 0
730 0
730 0
730 0
731 1
731 1
731 1
731 1
731 1
731 1
731 1
731 1
731 1
731 1
731 1
731 1
732 2
732 2
732 2
732 2
732 2
732 2
732 2
732 2
732 2
732 2
732 2
732 2
733 3
733 3
733 3
733 3
733 3
733 3
733 3
733 3
733 3
733 3
733 3
733 3
734 4
734 4
734 4
734 4
734 4
734 4
734 4
734 4
734 4
734 4
734 4
734 4
735 5
735 5
735 5
735 5
735 5
735 5
735 5
735 5
735 5
735 5
735 5
735 5
736 6
736 6
736 6
736 6
736 6
736 6
736 6
736 6
736 6
736 6
736 6
736 6
737 7
737 7
737 7
737 7
737 7
737 7
737 7
737 7
737 7
737 7
737 7
737 7
738 8
738 8
738 8
738 8
738 8
738 8
738 8
738 8
738 8
738 8
738 8
738 8
739 9
739 9
739 9
739 9
739 9
739 9
739 9
739 9
739 9
739 9
739 9
739 9
740 0
740 0
740 0
740 0
740 0
740 0
740 0
740 0
740 0
740 0
740 0
740 0
741 1
741 1
741 1
741 1
741 1
741 1
741 1
741 1
741 1
741 1
741 1
741 1
742 2
742 2
742 2
742 2
742 2
742 2
742 2
742 2
742 2
742 2
742 2
742 2
743 3
743 3
743 3
743 3
743 3
743 3
743 3
743 3
743 3
743 3
743 3
743 3
744 4
744 4
744 4
744 4
744 4
744 4
744 4
744 4
744 4
744 4
744 4
744 4
745 5
745 5
745 5
745 5
745 5
745 5
745 5
745 5
745 5
745 5
745 5
745 5
746 6
746 6
746 6
746 6
746 6
746 6
746 6
746 6
746 6
746 6
746 6
746 6
747 7
747 7
747 7
747 7
747 7
747 7
747 7
747 7
747 7
747 7
747 7
747 7
748 8
748 8
748 8
748 8
748 8
748 8
748 8
748 8
748 8
748 8
748 8
748 8
749 9
749 9
749 9
749 9
749 9
749 9
749 9
749 9
749 9
749 9
749 9
749 9
750 0
750 0
750 0
750 0
750 0
750 0
750 0
750 0
750 0
750 0
750 0
750 0
751 1
751 1
751 1
751 1
751 1
751 1
751 1
751 1
751 1
751 1
751 1
751 1
752 2
752 2
752 2
752 2
752 2
752 2
752 2
752 2
752 2
752 2
752 2
752 2
753 3
753 3
753 3
753 3
753 3
753 3
753 3
753 3
753 3
753 3
753 3
753 3
754 4
754 4
754 4
754 4
754 4
754 4
754 4
754 4
754 4
754 4
754 4
754 4
755 5
755 5
755 5
755 5
755 5
755 5
755 5
755 5
755 5
755 5
755 5
755 5
756 6
756 6
756 6
756 6
756 6
756 6
756 6
756 6
756 6
756 6
756 6
756 6
757 7
757 7
757 7
757 7
757 7
757 7
757 7
757 7
757 7
757 7
757 7
757 7
758 8
758 8
758 8
758 8
758 8
758 8
758 8
758 8
758 8
758 8
758 8
758 8
759 9
759 9
759 9
759 9
759 9
759 9
759 9
759 9
759 9
759 9
759 9
759 9
760 0
760 0
760 0
760 0
760 0
760 0
760 0
760 0
760 0
760 0
760 0
760 0
761 1
761 1
761 1
761 1
761 1
761 1
761 1
761 1
761 1
761 1
761 1
761 1
762 2
762 2
762 2
762 2
762 2
762 2
762 2
762 2
762 2
762 2
762 2
762 2
763 3
763 3
763 3
763 3
763 3
763 3
763 3
763 3
763 3
763 3
763 3
763 3
764 4
764 4
764 4
764 4
764 4
764 4
764 4
764 4
764 4
764 4
764 4
764 4
765 5
765 5
765 5
765 5
765 5
765 5
765 5
765 5
765 5
765 5
765 5
765 5
766 6
766 6
766 6
766 6
766 6
766 6
766 6
766 6
766 6
766 6
766 6
766 6
767 7
767 7
767 7
767 7
767 7
767 7
767 7
767 7
767 7
767 7
767 7
767 7
768 8
768 8
768 8
768 8
768 8
768 8
768 8
768 8
768 8
768 8
768 8
768 8
769 9
769 9
769 9
769 9
769 9
769 9
769 9
769 9
769 9
769 9
769 9
769 9
770 0
770 0
770 0
770 0
770 0
770 0
770 0
770 0
770 0
770 0
770 0
770 0
771 1
771 1
771 1
771 1
771 1
771 1
771 1
771 1
771 1
771 1
771 1
771 1
772 2
772 2
772 2
772 2
772 2
772 2
772 2
772 2
772 2
772 2
772 2
772 2
773 3
773 3
773 3
773 3
773 3
773 3
773 3
773 3
773 3
773 3
773 3
773 3
774 4
774 4
774 4
774 4
774 4
774 4
774 4
774 4
774 4
774 4
774 4
774 4
775 5
775 5
775 5
775 5
775 5
775 5
775 5
775 5
775 5
775 5
775 5
775 5
776 6
776 6
776 6
776 6
776 6
776 6
776 6
776 6
776 6
776 6
776 6
776 6
777 7
777 7
777 7
777 7
777 7
777 7
777 7
777 7
777 7
777 7
777 7
777 7
778 8
778 8
778 8
778 8
778 8
778 8
778 8
778 8
778 8
778 8
778 8
778 8
779 9
779 9
779 9
779 9
779 9
779 9
779 9
779 9
779 9
779 9
779 9
779 9
780 0
780 0
780 0
780 0
780 0
780 0
780 0
780 0
780 0
780 0
780 0
780 0
781 1
781 1
781 1
781 1
781 1
781 1
781 1
781 1
781 1
781 1
781 1
781 1
782 2
782 2
782 2
782 2
782 2
782 2
782 2
782 2
782 2
782 2
782 2
782 2
783 3
783 3
783 3
783 3
783 3
783 3
783 3
783 3
783 3
783 3
783 3
783 3
784 4
784 4
784 4
784 4
784 4
784 4
784 4
784 4
784 4
784 4
784 4
784 4
785 5
785 5
785 5
785 5
785 5
785 5
785 5
785 5
785 5
785 5
785 5
785 5
786 6
786 6
786 6
786 6
786 6
786 6
786 6
786 6
786 6
786 6
786 6
786 6
787 7
787 7
787 7
787 7
787 7
787 7
787 7
787 7
787 7
787 7
787 7
787 7
788 8
788 8
788 8
788 8
788 8
788 8
788 8
788 8
788 8
788 8
788 8
788 8
789 9
789 9
789 9
789 9
789 9
789 9
789 9
789 9
789 9
789 9
789 9
789 9
790 0
790 0
790 0
790 0
790 0
790 0
790 0
790 0
790 0
790 0
790 0
790 0
791 1
791 1
791 1
791 1
791 1
791 1
791 1
791 1
791 1
791 1
791 1
791 1
792 2
792 2
792 2
792 2
792 2
792 2
792 2
792 2
792 2
792 2
792 2
792 2
793 3
793 3
793 3
793 3
793 3
793 3
793 3
793 3
793 3
793 3
793 3
793 3
794 4
794 4
794 4
794 4
794 4
794 4
794 4
794 4
794 4
794 4
794 4
794 4
795 5
795 5
795 5
795 5
795 5
795 5
795 5
795 5
795 5
795 5
795 5
795 5
796 6
796 6
796 6
796 6
796 6
796 6
796 6
796 6
796 6
796 6
796 6
796 6
797 7
797 7
797 7
797 7
797 7
797 7
797 7
797 7
797 7
797 7
797 7
797 7
798 8
798 8
798 8
798 8
798 8
798 8
798 8
798 8
798 8
798 8
798 8
798 8
799 9
799 9
799 9
799 9
799 9
799 9
799 9
799 9
799 9
799 9
799 9
799 9
800 0
800 0
800 0
800 0
800 0
800 0
800 0
800 0
800 0
800 0
800 0
800 0
801 1
801 1
801 1
801 1
801 1
801 1
801 1
801 1
801 1
801 1
801 1
801 1
802 2
802 2
802 2
802 2
802 2
802 2
802 2
802 2
802 2
802 2
802 2
802 2
803 3
803 3
803 3
803 3
803 3
803 3
803 3
803 3
803 3
803 3
803 3
803 3
804 4
804 4
804 4
804 4
804 4
804 4
804 4
804 4
804 4
804 4
804 4
804 4
805 5
805 5
805 5
805 5
805 5
805 5
805 5
805 5
805 5
805 5
805 5
805 5
806 6
806 6
806 6
806 6
806 6
806 6
806 6
806 6
806 6
806 6
806 6
806 6
807 7
807 7
807 7
807 7
807 7
807 7
807 7
807 7
807 7
807 7
807 7
807 7
808 8
808 8
808 8
808 8
808 8
808 8
808 8
808 8
808 8
808 8
808 8
808 8
809 9
809 9
809 9
809 9
809 9
809 9
809 9
809 9
809 9
809 9
809 9
809 9
810 0
810 0
810 0
810 0
810 0
810 0
810 0
810 0
810 0
810 0
810 0
810 0
811 1
811 1
811 1
811 1
811 1
811 1
811 1
811 1
811 1
811 1
811 1
811 1
812 2
812 2
812 2
812 2
812 2
812 2
812 2
812 2
812 2
812 2
812 2
812 2
813 3
813 3
813 3
813 3
813 3
813 3
813 3
813 3
813 3
813 3
813 3
813 3
814 4
814 4
814 4
814 4
814 4
814 4
814 4
814 4
814 4
814 4
814 4
814 4
815 5
815 5
815 5
815 5
815 5
815 5
815 5
815 5
815 5
815 5
815 5
815 5
816 6
816 6
816 6
816 6
816 6
816 6
816 6
816 6
816 6
816 6
816 6
816 6
817 7
817 7
817 7
817 7
817 7
817 7
817 7
817 7
817 7
817 7
817 7
817 7
818 8
818 8
818 8
818 8
818 8
818 8
818 8
818 8
818 8
818 8
818 8
818 8
819 9
819 9
819 9
819 9
819 9
819 9
819 9
819 9
819 9
819 9
819 9
819 9
820 0
820 0
820 0
820 0
820 0
820 0
820 0
820 0
820 0
820 0
820 0
820 0
821 1
821 1
821 1
821 1
821 1
821 1
821 1
821 1
821 1
821 1
821 1
821 1
822 2
822 2
822 2
822 2
822 2
822 2
822 2
822 2
822 2
822 2
822 2
822 2
823 3
823 3
823 3
823 3
823 3
823 3
823 3
823 3
823 3
823 3
823 3
823 3
824 4
824 4
824 4
824 4
824 4
824 4
824 4
824 4
824 4
824 4
824 4
824 4
825 5
825 5
825 5
825 5
825 5
825 5
825 5
825 5
825 5
825 5
825 5
825 5
826 6
826 6
826 6
826 6
826 6
826 6
826 6
826 6
826 6
826 6
826 6
826 6
827 7
827 7
827 7
827 7
827 7
827 7
827 7
827 7
827 7
827 7
827 7
827 7
828 8
828 8
828 8
828 8
828 8
828 8
828 8
828 8
828 8
828 8
828 8
828 8
829 9
829 9
829 9
829 9
829 9
829 9
829 9
829 9
829 9
829 9
829 9
829 9
830 0
830 0
830 0
830 0
830 0
830 0
830 0
830 0
830 0
830 0
830 0
830 0
831 1
831 1
831 1
831 1
831 1
831 1
831 1
831 1
831 1
831 1
831 1
831 1
832 2
832 2
832 2
832 2
832 2
832 2
832 2
832 2
832 2
832 2
832 2
832 2
833 3
833 3
833 3
833 3
833 3
833 3
833 3
833 3
833 3
833 3
833 3
833 3
834 4
834 4
834 4
834 4
834 4
834 4
834 4
834 4
834 4
834 4
834 4
834 4
835 5
835 5
835 5
835 5
835 5
835 5
835 5
835 5
835 5
835 5
835 5
835 5
836 6
836 6
836 6
836 6
836 6
836 6
836 6
836 6
836 6
836 6
836 6
836 6
837 7
837 7
837 7
837 7
837 7
837 7
837 7
837 7
837 7
837 7
837 7
837 7
838 8
838 8
838 8
838 8
838 8
838 8
838 8
838 8
838 8
838 8
838 8
838 8
839 9
839 9
839 9
839 9
839 9
839 9
839 9
839 9
839 9
839 9
839 9
839 9
840 0
840 0
840 0
840 0
840 0
840 0
840 0
840 0
840 0
840 0
840 0
840 0
841 1
841 1
841 1
841 1
841 1
841 1
841 1
841 1
841 1
841 1
841 1
841 1
842 2
842 2
842 2
842 2
842 2
842 2
842 2
842 2
842 2
842 2
842 2
842 2
843 3
843 3
843 3
843 3
843 3
843 3
843 3
843 3
843 3
843 3
843 3
843 3
844 4
844 4
844 4
844 4
844 4
844 4
844 4
844 4
844 4
844 4
844 4
844 4
845 5
845 5
845 5
845 5
845 5
845 5
845 5
845 5
845 5
845 5
845 5
845 5
846 6
846 6
846 6
846 6
846 6
846 6
846 6
846 6
846 6
846 6
846 6
846 6
847 7
847 7
847 7
847 7
847 7
847 7
847 7
847 7
847 7
847 7
847 7
847 7
848 8
848 8
848 8
848 8
848 8
848 8
848 8
848 8
848 8
848 8
848 8
848 8
849 9
849 9
849 9
849 9
849 9
849 9
849 9
849 9
849 9
849 9
849 9
849 9
850 0
850 0
850 0
850 0
850 0
850 0
850 0
850 0
850 0
850 0
850 0
850 0
851 1
851 1
851 1
851 1
851 1
851 1
851 1
851 1
851 1
851 1
851 1
851 1
852 2
852 2
852 2
852 2
852 2
852 2
852 2
852 2
852 2
852 2
852 2
852 2
853 3
853 3
853 3
853 3
853 3
853 3
853 3
853 3
853 3
853 3
853 3
853 3
854 4
854 4
854 4
854 4
854 4
854 4
854 4
854 4
854 4
854 4
854 4
854 4
855 5
855 5
855 5
855 5
855 5
855 5
855 5
855 5
855 5
855 5
855 5
855 5
856 6
856 6
856 6
856 6
856 6
856 6
856 6
856 6
856 6
856 6
856 6
856 6
857 7
857 7
857 7
857 7
857 7
857 7
857 7
857 7
857 7
857 7
857 7
857 7
858 8
858 8
858 8
858 8
858 8
858 8
858 8
858 8
858 8
858 8
858 8
858 8
859 9
859 9
859 9
859 9
859 9
859 9
859 9
859 9
859 9
859 9
859 9
859 9
860 0
860 0
860 0
860 0
860 0
860 0
860 0
860 0
860 0
860 0
860 0
860 0
861 1
861 1
861 1
861 1
861 1
861 1
861 1
861 1
861 1
861 1
861 1
861 1
862 2
862 2
862 2
862 2
862 2
862 2
862 2
862 2
862 2
862 2
862 2
862 2
863 3
863 3
863 3
863 3
863 3
863 3
863 3
863 3
863 3
863 3
863 3
863 3
864 4
864 4
864 4
864 4
864 4
864 4
864 4
864 4
864 4
864 4
864 4
864 4
865 5
865 5
865 5
865 5
865 5
865 5
865 5
865 5
865 5
865 5
865 5
865 5
866 6
866 6
866 6
866 6
866 6
866 6
866 6
866 6
866 6
866 6
866 6
866 6
867 7
867 7
867 7
867 7
867 7
867 7
867 7
867 7
867 7
867 7
867 7
867 7
868 8
868 8
868 8
868 8
868 8
868 8
868 8
868 8
868 8
868 8
868 8
868 8
869 9
869 9
869 9
869 9
869 9
869 9
869 9
869 9
869 9
869 9
869 9
869 9
870 0
870 0
870 0
870 0
870 0
870 0
870 0
870 0
870 0
870 0
870 0
870 0
871 1
871 1
871 1
871 1
871 1
871 1
871 1
871 1
871 1
871 1
871 1
871 1
872 2
872 2
872 2
872 2
872 2
872 2
872 2
872 2
872 2
872 2
872 2
872 2
873 3
873 3
873 3
873 3
873 3
873 3
873 3
873 3
873 3
873 3
873 3
873 3
874 4
874 4
874 4
874 4
874 4
874 4
874 4
874 4
874 4
874 4
874 4
874 4
875 5
875 5
875 5
875 5
875 5
875 5
875 5
875 5
875 5
875 5
875 5
875 5
876 6
876 6
876 6
876 6
876 6
876 6
876 6
876 6
876 6
876 6
876 6
876 6
877 7
877 7
877 7
877 7
877 7
877 7
877 7
877 7
877 7
877 7
877 7
877 7
878 8
878 8
878 8
878 8
878 8
878 8
878 8
878 8
878 8
878 8
878 8
878 8
879 9
879 9
879 9
879 9
879 9
879 9
879 9
879 9
879 9
879 9
879 9
879 9
880 0
880 0
880 0
880 0
880 0
880 0
880 0
880 0
880 0
880 0
880 0
880 0
881 1
881 1
881 1
881 1
881 1
881 1
881 1
881 1
881 1
881 1
881 1
881 1
882 2
882 2
882 2
882 2
882 2
882 2
882 2
882 2
882 2
882 2
882 2
882 2
883 3
883 3
883 3
883 3
883 3
883 3
883 3
883 3
883 3
883 3
883 3
883 3
884 4
884 4
884 4
884 4
884 4
884 4
884 4
884 4
884 4
884 4
884 4
884 4
885 5
885 5
885 5
885 5
885 5
885 5
885 5
885 5
885 5
885 5
885 5
885 5
886 6
886 6
886 6
886 6
886 6
886 6
886 6
886 6
886 6
886 6
886 6
886 6
887 7
887 7
887 7
887 7
887 7
887 7
887 7
887 7
887 7
887 7
887 7
887 7
888 8
888 8
888 8
888 8
888 8
888 8
888 8
888 8
888 8
888 8
888 8
888 8
889 9
889 9
889 9
889 9
889 9
889 9
889 9
889 9
889 9
889 9
889 9
889 9
890 0
890 0
890 0
890 0
890 0
890 0
890 0
890 0
890 0
890 0
890 0
890 0
891 1
891 1
891 1
891 1
891 1
891 1
891 1
891 1
891 1
891 1
891 1
891 1
892 2
892 2
892 2
892 2
892 2
892 2
892 2
892 2
892 2
892 2
892 2
892 2
893 3
893 3
893 3
893 3
893 3
893 3
893 3
893 3
893 3
893 3
893 3
893 3
894 4
894 4
894 4
894 4
894 4
894 4
894 4
894 4
894 4
894 4
894 4
894 4
895 5
895 5
895 5
895 5
895 5
895 5
895 5
895 5
895 5
895 5
895 5
895 5
896 6
896 6
896 6
896 6
896 6
896 6
896 6
896 6
896 6
896 6
896 6
896 6
897 7
897 7
897 7
897 7
897 7
897 7
897 7
897 7
897 7
897 7
897 7
897 7
898 8
898 8
898 8
898 8
898 8
898 8
898 8
898 8
898 8
898 8
898 8
898 8
899 9
899 9
899 9
899 9
899 9
899 9
899 9
899 9
899 9
899 9
899 9
899 9
900 0
900 0
900 0
900 0
900 0
900 0
900 0
900 0
900 0
900 0
900 0
900 0
901 1
901 1
901 1
901 1
901 1
901 1
901 1
901 1
901 1
901 1
901 1
901 1
902 2
902 2
902 2
902 2
902 2
902 2
902 2
902 2
902 2
902 2
902 2
902 2
903 3
903 3
903 3
903 3
903 3
903 3
903 3
903 3
903 3
903 3
903 3
903 3
904 4
904 4
904 4
904 4
904 4
904 4
904 4
904 4
904 4
904 4
904 4
904 4
905 5
905 5
905 5
905 5
905 5
905 5
905 5
905 5
905 5
905 5
905 5
905 5
906 6
906 6
906 6
906 6
906 6
906 6
906 6
906 6
906 6
906 6
906 6
906 6
907 7
907 7
907 7
907 7
907 7
907 7
907 7
907 7
907 7
907 7
907 7
907 7
908 8
908 8
908 8
908 8
908 8
908 8
908 8
908 8
908 8
908 8
908 8
908 8
909 9
909 9
909 9
909 9
909 9
909 9
909 9
909 9
909 9
909 9
909 9
909 9
910 0
910 0
910 0
910 0
910 0
910 0
910 0
910 0
910 0
910 0
910 0
910 0
911 1
911 1
911 1
911 1
911 1
911 1
911 1
911 1
911 1
911 1
911 1
911 1
912 2
912 2
912 2
912 2
912 2
912 2
912 2
912 2
912 2
912 2
912 2
912 2
913 3
913 3
913 3
913 3
913 3
913 3
913 3
913 3
913 3
913 3
913 3
913 3
914 4
914 4
914 4
914 4
914 4
914 4
914 4
914 4
914 4
914 4
914 4
914 4
915 5
915 5
915 5
915 5
915 5
915 5
915 5
915 5
915 5
915 5
915 5
915 5
916 6
916 6
916 6
916 6
916 6
916 6
916 6
916 6
916 6
916 6
916 6
916 6
917 7
917 7
917 7
917 7
917 7
917 7
917 7
917 7
917 7
917 7
917 7
917 7
918 8
918 8
918 8
918 8
918 8
918 8
918 8
918 8
918 8
918 8
918 8
918 8
919 9
919 9
919 9
919 9
919 9
919 9
919 9
919 9
919 9
919 9
919 9
919 9
920 0
920 0
920 0
920 0
920 0
920 0
920 0
920 0
920 0
920 0
920 0
920 0
921 1
921 1
921 1
921 1
921 1
921 1
921 1
921 1
921 1
921 1
921 1
921 1
922 2
922 2
922 2
922 2
922 2
922 2
922 2
922 2
922 2
922 2
922 2
922 2
923 3
923 3
923 3
923 3
923 3
923 3
923 3
923 3
923 3
923 3
923 3
923 3
924 4
924 4
924 4
924 4
924 4
924 4
924 4
924 4
924 4
924 4
924 4
924 4
925 5
925 5
925 5
925 5
925 5
925 5
925 5
925 5
925 5
925 5
925 5
925 5
926 6
926 6
926 6
926 6
926 6
926 6
926 6
926 6
926 6
926 6
926 6
926 6
927 7
927 7
927 7
927 7
927 7
927 7
927 7
927 7
927 7
927 7
927 7
927 7
928 8
928 8
928 8
928 8
928 8
928 8
928 8
928 8
928 8
928 8
928 8
928 8
929 9
929 9
929 9
929 9
929 9
929 9
929 9
929 9
929 9
929 9
929 9
929 9
930 0
930 0
930 0
930 0
930 0
930 0
930 0
930 0
930 0
930 0
930 0
930 0
931 1
931 1
931 1
931 1
931 1
931 1
931 1
931 1
931 1
931 1
931 1
931 1
932 2
932 2
932 2
932 2
932 2
932 2
932 2
932 2
932 2
932 2
932 2
932 2
933 3
933 3
933 3
933 3
933 3
933 3
933 3
933 3
933 3
933 3
933 3
933 3
934 4
934 4
934 4
934 4
934 4
934 4
934 4
934 4
934 4
934 4
934 4
934 4
935 5
935 5
935 5
935 5
935 5
935 5
935 5
935 5
935 5
935 5
935 5
935 5
936 6
936 6
936 6
936 6
936 6
936 6
936 6
936 6
936 6
936 6
936 6
936 6
937 7
937 7
937 7
937 7
937 7
937 7
937 7
937 7
937 7
937 7
937 7
937 7
938 8
938 8
938 8
938 8
938 8
938 8
938 8
938 8
938 8
938 8
938 8
938 8
939 9
939 9
939 9
939 9
939 9
939 9
939 9
939 9
939 9
939 9
939 9
939 9
940 0
940 0
940 0
940 0
940 0
940 0
940 0
940 0
940 0
940 0
940 0
940 0
941 1
941 1
941 1
941 1
941 1
941 1
941 1
941 1
941 1
941 1
941 1
941 1
942 2
942 2
942 2
942 2
942 2
942 2
942 2
942 2
942 2
942 2
942 2
942 2
943 3
943 3
943 3
943 3
943 3
943 3
943 3
943 3
943 3
943 3
943 3
943 3
944 4
944 4
944 4
944 4
944 4
944 4
944 4
944 4
944 4
944 4
944 4
944 4
945 5
945 5
945 5
945 5
945 5
945 5
945 5
945 5
945 5
945 5
945 5
945 5
946 6
946 6
946 6
946 6
946 6
946 6
946 6
946 6
946 6
946 6
946 6
946 6
947 7
947 7
947 7
947 7
947 7
947 7
947 7
947 7
947 7
947 7
947 7
947 7
948 8
948 8
948 8
948 8
948 8
948 8
948 8
948 8
948 8
948 8
948 8
948 8
949 9
949 9
949 9
949 9
949 9
949 9
949 9
949 9
949 9
949 9
949 9
949 9
950 0
950 0
950 0
950 0
950 0
950 0
950 0
950 0
950 0
950 0
950 0
950 0
951 1
951 1
951 1
951 1
951 1
951 1
951 1
951 1
951 1
951 1
951 1
951 1
952 2
952 2
952 2
952 2
952 2
952 2
952 2
952 2
952 2
952 2
952 2
952 2
953 3
953 3
953 3
953 3
953 3
953 3
953 3
953 3
953 3
953 3
953 3
953 3
954 4
954 4
954 4
954 4
954 4
954 4
954 4
954 4
954 4
954 4
954 4
954 4
955 5
955 5
955 5
955 5
955 5
955 5
955 5
955 5
955 5
955 5
955 5
955 5
956 6
956 6
956 6
956 6
956 6
956 6
956 6
956 6
956 6
956 6
956 6
956 6
957 7
957 7
957 7
957 7
957 7
957 7
957 7
957 7
957 7
957 7
957 7
957 7
958 8
958 8
958 8
958 8
958 8
958 8
958 8
958 8
958 8
958 8
958 8
958 8
959 9
959 9
959 9
959 9
959 9
959 9
959 9
959 9
959 9
959 9
959 9
959 9
960 0
960 0
960 0
960 0
960 0
960 0
960 0
960 0
960 0
960 0
960 0
960 0
961 1
961 1
961 1
961 1
961 1
961 1
961 1
961 1
961 1
961 1
961 1
961 1
962 2
962 2
962 2
962 2
962 2
962 2
962 2
962 2
962 2
962 2
962 2
962 2
963 3
963 3
963 3
963 3
963 3
963 3
963 3
963 3
963 3
963 3
963 3
963 3
964 4
964 4
964 4
964 4
964 4
964 4
964 4
964 4
964 4
964 4
964 4
964 4
965 5
965 5
965 5
965 5
965 5
965 5
965 5
965 5
965 5
965 5
965 5
965 5
966 6
966 6
966 6
966 6
966 6
966 6
966 6
966 6
966 6
966 6
966 6
966 6
967 7
967 7
967 7
967 7
967 7
967 7
967 7
967 7
967 7
967 7
967 7
967 7
968 8
968 8
968 8
968 8
968 8
968 8
968 8
968 8
968 8
968 8
968 8
968 8
969 9
969 9
969 9
969 9
969 9
969 9
969 9
969 9
969 9
969 9
969 9
969 9
970 0
970 0
970 0
970 0
970 0
970 0
970 0
970 0
970 0
970 0
970 0
970 0
971 1
971 1
971 1
971 1
971 1
971 1
971 1
971 1
971 1
971 1
971 1
971 1
972 2
972 2
972 2
972 2
972 2
972 2
972 2
972 2
972 2
972 2
972 2
972 2
973 3
973 3
973 3
973 3
973 3
973 3
973 3
973 3
973 3
973 3
973 3
973 3
974 4
974 4
974 4
974 4
974 4
974 4
974 4
974 4
974 4
974 4
974 4
974 4
975 5
975 5
975 5
975 5
975 5
975 5
975 5
975 5
975 5
975 5
975 5
975 5
976 6
976 6
976 6
976 6
976 6
976 6
976 6
976 6
976 6
976 6
976 6
976 6
977 7
977 7
977 7
977 7
977 7
977 7
977 7
977 7
977 7
977 7
977 7
977 7
978 8
978 8
978 8
978 8
978 8
978 8
978 8
978 8
978 8
978 8
978 8
978 8
979 9
979 9
979 9
979 9
979 9
979 9
979 9
979 9
979 9
979 9
979 9
979 9
980 0
980 0
980 0
980 0
980 0
980 0
980 0
980 0
980 0
980 0
980 0
980 0
981 1
981 1
981 1
981 1
981 1
981 1
981 1
981 1
981 1
981 1
981 1
981 1
982 2
982 2
982 2
982 2
982 2
982 2
982 2
982 2
982 2
982 2
982 2
982 2
983 3
983 3
983 3
983 3
983 3
983 3
983 3
983 3
983 3
983 3
983 3
983 3
984 4
984 4
984 4
984 4
984 4
984 4
984 4
984 4
984 4
984 4
984 4
984 4
985 5
985 5
985 5
985 5
985 5
985 5
985 5
985 5
985 5
985 5
985 5
985 5
986 6
986 6
986 6
986 6
986 6
986 6
986 6
986 6
986 6
986 6
986 6
986 6
987 7
987 7
987 7
987 7
987 7
987 7
987 7
987 7
987 7
987 7
987 7
987 7
988 8
988 8
988 8
988 8
988 8
988 8
988 8
988 8
988 8
988 8
988 8
988 8
989 9
989 9
989 9
989 9
989 9
989 9
989 9
989 9
989 9
989 9
989 9
989 9
990 0
990 0
990 0
990 0
990 0
990 0
990 0
990 0
990 0
990 0
990 0
990 0
991 1
991 1
991 1
991 1
991 1
991 1
991 1
991 1
991 1
991 1
991 1
991 1
992 2
992 2
992 2
992 2
992 2
992 2
992 2
992 2
992 2
992 2
992 2
992 2
993 3
993 3
993 3
993 3
993 3
993 3
993 3
993 3
993 3
993 3
993 3
993 3
994 4
994 4
994 4
994 4
994 4
994 4
994 4
994 4
994 4
994 4
994 4
994 4
995 5
995 5
995 5
995 5
995 5
995 5
995 5
995 5
995 5
995 5
995 5
995 5
996 6
996 6
996 6
996 6
996 6
996 6
996 6
996 6
996 6
996 6
996 6
996 6
997 7
997 7
997 7
997 7
997 7
997 7
997 7
997 7
997 7
997 7
997 7
997 7
998 8
998 8
998 8
998 8
998 8
998 8
998 8
998 8
998 8
998 8
998 8
998 8
999 9
999 9
999 9
999 9
999 9
999 9
999 9
999 9
999 9
999 9
999 9
999 9
